# Time-averaged data for fix msd_avg_all
# TimeStep c_msd_12_10_seed1[4]
0 1.60805e-28
100 0.524625
200 1.16079
300 1.67251
400 2.12989
500 2.55434
600 2.96267
700 3.37991
800 3.78303
900 4.16094
1000 4.52157
1100 4.78759
1200 5.0944
1300 5.4183
1400 5.69068
1500 5.91438
1600 6.10664
1700 6.40953
1800 6.70637
1900 6.97232
2000 7.12059
2100 7.40467
2200 7.70086
2300 7.88007
2400 8.06842
2500 8.27912
2600 8.42664
2700 8.61327
2800 8.80395
2900 9.08298
3000 9.33682
3100 9.63249
3200 9.80389
3300 9.94231
3400 10.087
3500 10.1838
3600 10.3396
3700 10.5425
3800 10.8238
3900 11.068
4000 11.3394
4100 11.5285
4200 11.7725
4300 11.9294
4400 12.0918
4500 12.2376
4600 12.3605
4700 12.5505
4800 12.6912
4900 12.8337
5000 12.9775
5100 13.19
5200 13.3247
5300 13.4355
5400 13.4824
5500 13.6081
5600 13.7237
5700 13.8011
5800 13.9432
5900 14.1473
6000 14.3448
6100 14.5183
6200 14.6914
6300 14.828
6400 14.9424
6500 15.2295
6600 15.4453
6700 15.6752
6800 15.7649
6900 15.8677
7000 15.9859
7100 16.0596
7200 16.3099
7300 16.5608
7400 16.7441
7500 16.7963
7600 16.693
7700 16.7293
7800 16.8493
7900 16.9693
8000 17.0999
8100 17.2025
8200 17.4001
8300 17.5474
8400 17.7121
8500 17.7473
8600 17.8685
8700 17.9459
8800 18.1499
8900 18.3591
9000 18.5394
9100 18.8863
9200 19.111
9300 19.2104
9400 19.3405
9500 19.3521
9600 19.4111
9700 19.4034
9800 19.4254
9900 19.4536
10000 19.4237
10100 19.4954
10200 19.5726
10300 19.6439
10400 19.6808
10500 19.8106
10600 19.9475
10700 20.1514
10800 20.3563
10900 20.5165
11000 20.6037
11100 20.7548
11200 20.9768
11300 21.1962
11400 21.3743
11500 21.5444
11600 21.6251
11700 21.7236
11800 21.862
11900 22.0738
12000 22.2243
12100 22.5438
12200 22.9512
12300 23.1841
12400 23.3323
12500 23.3813
12600 23.4787
12700 23.5439
12800 23.6944
12900 23.7721
13000 23.8032
13100 23.8532
13200 23.8984
13300 24.0502
13400 23.9994
13500 23.9895
13600 23.8427
13700 23.7686
13800 23.8431
13900 23.9489
14000 24.1211
14100 24.2021
14200 24.2463
14300 24.3452
14400 24.3407
14500 24.2683
14600 24.2411
14700 24.2022
14800 24.3474
14900 24.4784
15000 24.716
15100 24.8126
15200 24.7759
15300 24.8896
15400 24.8638
15500 24.7736
15600 24.8247
15700 24.9445
15800 25.1611
15900 25.24
16000 25.2794
16100 25.3079
16200 25.3221
16300 25.4194
16400 25.3709
16500 25.3242
16600 25.2754
16700 25.3451
16800 25.291
16900 25.2635
17000 25.1037
17100 25.0257
17200 25.1393
17300 25.3681
17400 25.4212
17500 25.5582
17600 25.5964
17700 25.6507
17800 25.6821
17900 25.6694
18000 25.5553
18100 25.648
18200 25.7474
18300 25.8611
18400 25.9889
18500 26.1007
18600 26.1943
18700 26.1932
18800 26.1863
18900 26.3495
19000 26.3702
19100 26.2503
19200 26.2783
19300 26.454
19400 26.5835
19500 26.7103
19600 26.8204
19700 26.9899
19800 27.2274
19900 27.4298
20000 27.5004
20100 27.8406
20200 28.0649
20300 28.193
20400 28.2384
20500 28.2738
20600 28.1356
20700 28.0155
20800 28.0253
20900 28.2442
21000 28.3669
21100 28.6389
21200 28.8964
21300 28.995
21400 29.1192
21500 29.2753
21600 29.3039
21700 29.2081
21800 29.3529
21900 29.4631
22000 29.6075
22100 29.668
22200 29.8731
22300 30.1656
22400 30.3906
22500 30.57
22600 30.7945
22700 31.0837
22800 31.2082
22900 31.3908
23000 31.5504
23100 31.5016
23200 31.4402
23300 31.5674
23400 31.7274
23500 31.7152
23600 31.624
23700 31.7049
23800 31.7585
23900 31.8049
24000 32.0113
24100 32.1295
24200 32.3447
24300 32.4672
24400 32.3576
24500 32.3707
24600 32.4638
24700 32.4437
24800 32.6644
24900 32.8849
25000 32.9666
25100 32.9105
25200 32.8674
25300 33.086
25400 33.3144
25500 33.4055
25600 33.5286
25700 33.7062
25800 33.9573
25900 33.9296
26000 33.9134
26100 33.8233
26200 33.7395
26300 33.7027
26400 33.7069
26500 33.8564
26600 33.793
26700 33.6779
26800 33.6652
26900 33.6422
27000 33.7044
27100 33.5853
27200 33.469
27300 33.6445
27400 33.6166
27500 33.4787
27600 33.4767
27700 33.5968
27800 33.6772
27900 33.6482
28000 33.6972
28100 33.7715
28200 33.8129
28300 33.8818
28400 33.8675
28500 34.0548
28600 34.0025
28700 33.8427
28800 33.7982
28900 33.9969
29000 34.2477
29100 34.291
29200 34.4413
29300 34.5754
29400 34.7685
29500 34.9024
29600 34.8301
29700 34.9556
29800 35.0633
29900 35.1523
30000 35.1724
30100 35.4334
30200 35.6405
30300 35.8022
30400 36.1446
30500 36.2429
30600 36.3929
30700 36.514
30800 36.4663
30900 36.5427
31000 36.6588
31100 36.755
31200 36.7808
31300 36.7527
31400 36.7623
31500 36.8101
31600 36.8396
31700 36.8946
31800 37.0386
31900 37.2086
32000 37.6135
32100 37.8336
32200 37.9628
32300 38.0246
32400 38.1886
32500 38.2487
32600 38.2568
32700 38.4018
32800 38.4155
32900 38.264
33000 38.1976
33100 38.4018
33200 38.4744
33300 38.4019
33400 38.2348
33500 38.1301
33600 38.0983
33700 38.2153
33800 38.3556
33900 38.5019
34000 38.4349
34100 38.2681
34200 38.3072
34300 38.3631
34400 38.474
34500 38.5719
34600 38.5795
34700 38.6666
34800 38.7912
34900 38.8067
35000 38.6838
35100 38.7692
35200 38.9133
35300 39.2467
35400 39.3657
35500 39.2917
35600 39.0959
35700 39.1824
35800 39.3282
35900 39.4152
36000 39.4706
36100 39.5187
36200 39.6825
36300 39.8711
36400 39.6703
36500 39.4359
36600 39.2913
36700 39.2912
36800 39.3107
36900 39.2761
37000 39.2422
37100 39.2824
37200 39.186
37300 39.1674
37400 39.2497
37500 39.3604
37600 39.6489
37700 40.0018
37800 40.1795
37900 40.5027
38000 40.8284
38100 41.0901
38200 41.0287
38300 40.9819
38400 41.0274
38500 41.1361
38600 41.2907
38700 41.5185
38800 41.9002
38900 42.1267
39000 42.3389
39100 42.5369
39200 42.7331
39300 42.7804
39400 42.7111
39500 42.3701
39600 42.2104
39700 42.2032
39800 42.3715
39900 42.651
40000 42.863
40100 42.9613
40200 43.111
40300 43.3623
40400 43.3838
40500 43.4107
40600 43.4167
40700 43.6068
40800 43.6609
40900 43.782
41000 43.7994
41100 43.8843
41200 44.0435
41300 44.2333
41400 44.4531
41500 44.4756
41600 44.5527
41700 44.5638
41800 44.5566
41900 44.6513
42000 44.9022
42100 45.1489
42200 45.3772
42300 45.5937
42400 45.6595
42500 45.6283
42600 45.7452
42700 45.8499
42800 45.9224
42900 45.948
43000 45.7312
43100 45.7002
43200 45.7148
43300 45.8839
43400 45.9321
43500 46.0232
43600 46.086
43700 46.2267
43800 46.1635
43900 46.1365
44000 46.2652
44100 46.2494
44200 46.1197
44300 45.8844
44400 45.8776
44500 45.9252
44600 46.072
44700 46.3374
44800 46.38
44900 46.419
45000 46.7024
45100 46.9151
45200 46.6672
45300 46.532
45400 46.4424
45500 46.3751
45600 46.4235
45700 46.5648
45800 46.7398
45900 46.8695
46000 46.9964
46100 47.0932
46200 47.186
46300 47.2998
46400 47.4115
46500 47.5137
46600 47.5084
46700 47.4365
46800 47.4124
46900 47.4219
47000 47.608
47100 47.9595
47200 48.2834
47300 48.5542
47400 48.6183
47500 48.6807
47600 48.8259
47700 49.078
47800 49.4256
47900 49.6525
48000 49.8299
48100 49.9795
48200 50.1059
48300 50.2666
48400 50.311
48500 50.363
48600 50.5944
48700 50.6552
48800 50.7594
48900 50.8113
49000 50.7651
49100 51.0774
49200 51.4781
49300 51.6871
49400 51.5415
49500 51.4823
49600 51.5705
49700 51.5382
49800 51.549
49900 51.7165
50000 51.7218
50100 51.713
50200 51.7366
50300 51.6665
50400 51.6991
50500 51.9598
50600 52.0721
50700 51.9479
50800 51.7321
50900 51.7416
51000 51.7925
51100 51.8392
51200 52.0453
51300 52.3713
51400 52.3904
51500 52.4589
51600 52.411
51700 52.5793
51800 52.6805
51900 52.6611
52000 52.6596
52100 52.5216
52200 52.2705
52300 52.1638
52400 52.1096
52500 52.1548
52600 52.5563
52700 52.9261
52800 53.2929
52900 53.5054
53000 53.4137
53100 53.5894
53200 53.8593
53300 54.0286
53400 54.2442
53500 54.4243
53600 54.7181
53700 55.146
53800 55.4825
53900 55.666
54000 55.5882
54100 55.7732
54200 55.9493
54300 56.0027
54400 56.0576
54500 56.1851
54600 56.4412
54700 56.782
54800 56.9081
54900 57.1022
55000 57.3415
55100 57.3586
55200 57.3094
55300 57.3536
55400 57.4349
55500 57.2907
55600 57.2174
55700 57.1592
55800 57.2521
55900 57.486
56000 57.5208
56100 57.6936
56200 57.7574
56300 57.7238
56400 57.6713
56500 57.7552
56600 57.6124
56700 57.5161
56800 57.3753
56900 57.2903
57000 57.5284
57100 57.6498
57200 57.9043
57300 58.0362
57400 57.9697
57500 57.9668
57600 57.994
57700 58.0223
57800 58.069
57900 58.0476
58000 58.1678
58100 58.2534
58200 58.3096
58300 58.3879
58400 58.373
58500 58.4382
58600 58.5105
58700 58.543
58800 58.6087
58900 58.6428
59000 58.5518
59100 58.4122
59200 58.3362
59300 58.4944
59400 58.5343
59500 58.4329
59600 58.2389
59700 58.2516
59800 58.2173
59900 58.3062
60000 58.5244
60100 58.4746
60200 58.3228
60300 58.2705
60400 58.0738
60500 58.0276
60600 58.3639
60700 58.5295
60800 58.4671
60900 58.2323
61000 58.2153
61100 58.0823
61200 58.2057
61300 58.4478
61400 58.4705
61500 58.47
61600 58.6878
61700 58.9696
61800 59.0449
61900 59.17
62000 59.3518
62100 59.4532
62200 59.1502
62300 58.9933
62400 58.6152
62500 58.3477
62600 58.4401
62700 58.7971
62800 58.965
62900 58.9937
63000 58.9209
63100 58.9507
63200 59.3377
63300 59.5553
63400 59.5452
63500 59.9106
63600 60.2995
63700 60.5072
63800 60.736
63900 61.174
64000 61.2381
64100 61.3579
64200 61.5887
64300 61.7898
64400 61.8737
64500 62.0553
64600 62.0689
64700 62.3307
64800 62.4748
64900 62.5038
65000 62.2697
65100 62.0651
65200 62.0254
65300 62.1887
65400 62.1471
65500 62.4127
65600 62.625
65700 63.1638
65800 63.7432
65900 64.2068
66000 64.6355
66100 64.6553
66200 64.5457
66300 64.594
66400 64.6434
66500 64.9083
66600 65.1307
66700 65.3114
66800 65.3217
66900 65.4147
67000 65.6873
67100 65.9661
67200 66.0032
67300 65.83
67400 65.5015
67500 65.3588
67600 65.2493
67700 65.4405
67800 65.7627
67900 66.1154
68000 66.2911
68100 66.3279
68200 66.2953
68300 66.3037
68400 66.4826
68500 66.5863
68600 66.7405
68700 66.8291
68800 66.653
68900 66.5916
69000 66.4521
69100 66.3804
69200 66.5017
69300 66.7682
69400 66.7374
69500 66.5495
69600 66.4522
69700 66.6301
69800 66.4524
69900 66.2235
70000 66.3483
70100 66.4985
70200 66.5038
70300 66.3019
70400 66.1233
70500 66.1483
70600 66.3721
70700 66.5435
70800 66.6304
70900 66.7944
71000 66.6942
71100 66.5967
71200 66.5419
71300 66.5091
71400 66.6535
71500 66.7511
71600 66.8712
71700 66.9072
71800 66.7862
71900 66.699
72000 66.6496
72100 66.7875
72200 66.8648
72300 67.1194
72400 67.2743
72500 67.2618
72600 67.3432
72700 67.3587
72800 67.1849
72900 66.9167
73000 66.9672
73100 67.2633
73200 67.4658
73300 67.655
73400 67.6376
73500 67.6262
73600 67.8789
73700 67.8663
73800 68.1101
73900 68.3
74000 68.5923
74100 68.8175
74200 68.8395
74300 68.8552
74400 68.9777
74500 69.3401
74600 69.6755
74700 70.0261
74800 70.303
74900 70.5339
75000 70.7282
75100 71.043
75200 71.3658
75300 71.5927
75400 71.8426
75500 72.1377
75600 72.5955
75700 72.6933
75800 72.8696
75900 73.1536
76000 73.3168
76100 73.5951
76200 73.6962
76300 73.7659
76400 73.676
76500 73.7627
76600 74.2648
76700 74.794
76800 75.0486
76900 75.3389
77000 75.6129
77100 75.9383
77200 76.095
77300 76.0662
77400 76.1488
77500 76.166
77600 76.1675
77700 76.2683
77800 76.1901
77900 76.2413
78000 76.276
78100 76.3741
78200 76.6657
78300 76.7843
78400 76.8421
78500 76.7082
78600 76.7489
78700 76.758
78800 76.8652
78900 76.9477
79000 77.0033
79100 76.849
79200 76.9004
79300 76.9012
79400 76.8602
79500 76.8249
79600 76.8272
79700 76.8139
79800 77.0315
79900 77.1382
80000 77.1782
80100 77.1567
80200 77.1323
80300 77.1928
80400 77.3026
80500 77.493
80600 77.7689
80700 77.8891
80800 77.8337
80900 77.7748
81000 77.6442
81100 77.481
81200 77.4125
81300 77.4228
81400 77.4993
81500 77.6958
81600 77.7933
81700 77.6068
81800 77.6915
81900 77.7299
82000 77.3829
82100 77.21
82200 77.2398
82300 77.2232
82400 77.1442
82500 77.0238
82600 77.2151
82700 77.0483
82800 77.0871
82900 77.0603
83000 77.4878
83100 77.636
83200 77.9111
83300 78.0975
83400 78.3001
83500 78.6489
83600 78.9783
83700 79.1664
83800 79.0057
83900 78.8988
84000 79.1432
84100 79.5487
84200 79.843
84300 80.2236
84400 80.5854
84500 80.923
84600 81.0515
84700 80.8579
84800 80.7075
84900 80.9116
85000 80.9492
85100 80.8533
85200 81.0251
85300 81.2993
85400 81.5739
85500 82.0911
85600 82.3068
85700 82.6911
85800 82.7935
85900 82.6398
86000 82.7105
86100 82.8442
86200 83.078
86300 83.2762
86400 83.4345
86500 83.8353
86600 84.1371
86700 84.2593
86800 84.1334
86900 83.904
87000 83.8068
87100 83.7502
87200 83.9678
87300 84.4358
87400 84.6969
87500 84.9788
87600 85.2173
87700 85.3455
87800 85.4086
87900 85.3765
88000 85.4204
88100 85.2551
88200 85.2425
88300 85.4148
88400 85.304
88500 85.3054
88600 85.1019
88700 85.0759
88800 85.1724
88900 85.4522
89000 85.2472
89100 84.9791
89200 84.8976
89300 84.9583
89400 85.0502
89500 85.1731
89600 85.033
89700 84.7
89800 84.5461
89900 84.6836
90000 84.8756
90100 85.3355
90200 85.4658
90300 85.4621
90400 85.3179
90500 84.9932
90600 85.0342
90700 85.1935
90800 85.4921
90900 85.3984
91000 85.2525
91100 85.0631
91200 84.9018
91300 84.6548
91400 84.3284
91500 84.408
91600 84.7578
91700 84.9365
91800 85.2458
91900 85.3865
92000 85.4896
92100 85.5762
92200 85.7319
92300 85.7498
92400 85.7795
92500 85.9296
92600 86.1676
92700 86.1839
92800 86.2552
92900 86.1954
93000 85.8955
93100 85.7505
93200 85.6101
93300 85.6209
93400 85.4938
93500 85.6186
93600 85.7405
93700 85.99
93800 85.996
93900 86.2379
94000 86.6268
94100 86.7952
94200 86.8473
94300 86.8259
94400 86.5092
94500 86.2933
94600 86.4927
94700 86.5256
94800 86.529
94900 86.5824
95000 87.029
95100 87.5076
95200 88.092
95300 88.6349
95400 88.6988
95500 88.7585
95600 89.169
95700 89.1622
95800 89.3073
95900 89.6186
96000 89.7352
96100 89.6426
96200 89.6122
96300 89.5371
96400 89.4895
96500 89.5158
96600 89.4896
96700 89.481
96800 89.5165
96900 89.4677
97000 89.205
97100 89.1605
97200 89.142
97300 89.0476
97400 89.1514
97500 89.0576
97600 89.1137
97700 89.233
97800 89.3172
97900 89.7555
98000 90.1591
98100 90.627
98200 90.8709
98300 90.6909
98400 90.8871
98500 91.1096
98600 91.4239
98700 91.3494
98800 91.1488
98900 91.1191
99000 91.1256
99100 91.2181
99200 91.3865
99300 91.4076
99400 91.7473
99500 92.1046
99600 92.4084
99700 92.9843
99800 93.631
99900 94.1833
100000 94.6418
