# Time-averaged data for fix msd_avg_all
# TimeStep c_msd_12_10_seed2[4]
0 2.18382e-28
100 0.511992
200 1.1229
300 1.67007
400 2.15118
500 2.5408
600 2.95089
700 3.29549
800 3.67731
900 4.01215
1000 4.31083
1100 4.5981
1200 4.86916
1300 5.14622
1400 5.42217
1500 5.67222
1600 5.90152
1700 6.20045
1800 6.45736
1900 6.6867
2000 6.97063
2100 7.26716
2200 7.52976
2300 7.72233
2400 7.88619
2500 8.08547
2600 8.31105
2700 8.51229
2800 8.63149
2900 8.74024
3000 8.82977
3100 9.03723
3200 9.16272
3300 9.32729
3400 9.49799
3500 9.6994
3600 10.0183
3700 10.2448
3800 10.4263
3900 10.6633
4000 10.8451
4100 11.0958
4200 11.3245
4300 11.4652
4400 11.5565
4500 11.6337
4600 11.7263
4700 11.8356
4800 11.9521
4900 12.0661
5000 12.249
5100 12.386
5200 12.5456
5300 12.6552
5400 12.7315
5500 12.8388
5600 13.0223
5700 13.2566
5800 13.373
5900 13.6454
6000 13.8377
6100 13.9591
6200 13.9329
6300 13.9409
6400 13.9495
6500 14.0336
6600 14.1978
6700 14.4009
6800 14.5172
6900 14.6115
7000 14.7774
7100 14.8656
7200 14.9771
7300 15.1712
7400 15.3952
7500 15.7446
7600 15.9773
7700 16.2899
7800 16.534
7900 16.5962
8000 16.7692
8100 16.8467
8200 17.0772
8300 17.2241
8400 17.3303
8500 17.5026
8600 17.6122
8700 17.7935
8800 18.1017
8900 18.1846
9000 18.1524
9100 18.1998
9200 18.262
9300 18.2347
9400 18.1897
9500 18.288
9600 18.5338
9700 18.7119
9800 18.877
9900 19.0517
10000 19.2846
10100 19.3902
10200 19.4462
10300 19.4596
10400 19.4502
10500 19.5633
10600 19.6069
10700 19.6467
10800 19.7128
10900 19.8467
11000 20.0901
11100 20.3793
11200 20.6691
11300 20.8253
11400 20.9934
11500 21.1198
11600 21.3254
11700 21.4783
11800 21.671
11900 21.9281
12000 22.0522
12100 22.1622
12200 22.2728
12300 22.3926
12400 22.6155
12500 22.7401
12600 22.8405
12700 23.0563
12800 23.2383
12900 23.303
13000 23.4429
13100 23.5703
13200 23.6767
13300 23.8454
13400 23.984
13500 24.1185
13600 24.3435
13700 24.6663
13800 24.8612
13900 25.0063
14000 24.959
14100 24.9482
14200 24.9432
14300 25.079
14400 25.2343
14500 25.2161
14600 25.2392
14700 25.2594
14800 25.2195
14900 25.2588
15000 25.1652
15100 25.1809
15200 25.1312
15300 25.1823
15400 25.3401
15500 25.4931
15600 25.3778
15700 25.3241
15800 25.3384
15900 25.4017
16000 25.3344
16100 25.332
16200 25.422
16300 25.5634
16400 25.5766
16500 25.7246
16600 25.7686
16700 25.923
16800 25.9643
16900 25.967
17000 25.8649
17100 26.0053
17200 26.1123
17300 26.2034
17400 26.4289
17500 26.5675
17600 26.6158
17700 26.6619
17800 26.6381
17900 26.7439
18000 26.8936
18100 26.7921
18200 26.6783
18300 26.6889
18400 26.8205
18500 26.967
18600 27.0628
18700 27.1397
18800 27.0834
18900 26.9769
19000 26.9506
19100 27.0703
19200 27.1616
19300 27.2633
19400 27.3797
19500 27.583
19600 27.867
19700 28.2318
19800 28.4809
19900 28.6306
20000 28.7549
20100 28.9201
20200 29.0301
20300 29.1922
20400 29.3301
20500 29.4856
20600 29.6025
20700 29.6515
20800 29.7291
20900 29.9739
21000 30.1765
21100 30.328
21200 30.5422
21300 30.7468
21400 30.8749
21500 30.8742
21600 30.9366
21700 31.0236
21800 31.1182
21900 31.1954
22000 31.2581
22100 31.4868
22200 31.744
22300 32.0125
22400 32.228
22500 32.4998
22600 32.6924
22700 32.859
22800 33.1848
22900 33.4274
23000 33.6509
23100 33.8055
23200 33.9136
23300 34.0842
23400 34.2595
23500 34.3394
23600 34.3219
23700 34.4197
23800 34.4827
23900 34.5812
24000 34.5794
24100 34.6165
24200 34.7082
24300 34.7568
24400 34.8154
24500 34.9149
24600 34.9084
24700 34.7724
24800 34.6663
24900 34.6151
25000 34.8127
25100 34.9998
25200 35.1961
25300 35.2682
25400 35.2457
25500 35.1871
25600 35.1664
25700 35.2958
25800 35.5705
25900 35.7033
26000 35.7628
26100 35.7503
26200 35.7238
26300 35.7721
26400 35.7949
26500 35.9447
26600 36.0079
26700 36.1288
26800 36.2661
26900 36.3987
27000 36.5501
27100 36.5805
27200 36.5077
27300 36.4104
27400 36.3615
27500 36.506
27600 36.539
27700 36.553
27800 36.6661
27900 37.0284
28000 37.1357
28100 37.2905
28200 37.3781
28300 37.6476
28400 38.034
28500 38.3247
28600 38.4833
28700 38.5922
28800 38.8045
28900 38.8679
29000 39.0084
29100 39.1295
29200 39.2244
29300 39.4345
29400 39.5832
29500 39.6574
29600 39.8137
29700 39.8776
29800 40.0062
29900 40.0301
30000 40.0706
30100 40.1233
30200 40.1579
30300 40.292
30400 40.4542
30500 40.5459
30600 40.6598
30700 40.5158
30800 40.4377
30900 40.4791
31000 40.7596
31100 40.8001
31200 40.8013
31300 40.9925
31400 41.363
31500 41.6327
31600 41.7939
31700 41.8256
31800 41.754
31900 41.976
32000 42.2069
32100 42.3329
32200 42.3504
32300 42.4127
32400 42.3566
32500 42.3015
32600 42.3819
32700 42.4506
32800 42.5166
32900 42.5362
33000 42.52
33100 42.5042
33200 42.5604
33300 42.674
33400 42.7514
33500 42.8643
33600 43.0777
33700 43.3666
33800 43.4211
33900 43.4731
34000 43.5201
34100 43.5564
34200 43.6393
34300 43.7654
34400 43.9793
34500 44.1698
34600 44.3284
34700 44.383
34800 44.4568
34900 44.5893
35000 44.8981
35100 45.2901
35200 45.4931
35300 45.5788
35400 45.8699
35500 46.0769
35600 46.2316
35700 46.5889
35800 47.0746
35900 47.5365
36000 47.6837
36100 47.9204
36200 48.0264
36300 48.0784
36400 48.0716
36500 48.2418
36600 48.2939
36700 48.1736
36800 48.3139
36900 48.3308
37000 48.2976
37100 48.2398
37200 48.3514
37300 48.4312
37400 48.6101
37500 48.8224
37600 49.163
37700 49.5349
37800 49.8467
37900 49.8292
38000 49.8698
38100 49.8079
38200 49.7277
38300 49.4547
38400 49.406
38500 49.3288
38600 49.2433
38700 49.2176
38800 49.1478
38900 49.2581
39000 49.3357
39100 49.368
39200 49.4073
39300 49.4509
39400 49.4891
39500 49.4578
39600 49.4146
39700 49.5044
39800 49.2928
39900 49.3
40000 49.3031
40100 49.3421
40200 49.4031
40300 49.2878
40400 49.3608
40500 49.5296
40600 49.7395
40700 49.9046
40800 50.0227
40900 50.0465
41000 50.0176
41100 50.0784
41200 50.471
41300 50.6215
41400 50.7768
41500 50.9297
41600 51.2415
41700 51.4295
41800 51.4242
41900 51.4945
42000 51.6897
42100 51.7708
42200 51.8717
42300 52.0792
42400 52.31
42500 52.3239
42600 52.4294
42700 52.7284
42800 53.0228
42900 53.121
43000 53.5046
43100 53.8802
43200 54.081
43300 54.3508
43400 54.3672
43500 54.2077
43600 54.0148
43700 53.9497
43800 53.9954
43900 54.0899
44000 54.213
44100 54.3157
44200 54.0586
44300 53.7567
44400 53.6427
44500 53.6588
44600 53.6489
44700 53.423
44800 53.4328
44900 53.5546
45000 53.7454
45100 54.2044
45200 54.4661
45300 54.6326
45400 54.9375
45500 55.1369
45600 55.3405
45700 55.497
45800 55.6904
45900 55.6582
46000 55.7352
46100 55.8186
46200 56.025
46300 56.1688
46400 56.2264
46500 56.1042
46600 55.9401
46700 55.9745
46800 56.1255
46900 56.2249
47000 56.1679
47100 56.0237
47200 55.8928
47300 55.8724
47400 55.9325
47500 56.0212
47600 56.0924
47700 56.1625
47800 56.1594
47900 56.2226
48000 56.3808
48100 56.351
48200 56.2483
48300 56.0723
48400 56.11
48500 56.2217
48600 56.3615
48700 56.3442
48800 56.4823
48900 56.7718
49000 56.8066
49100 56.7916
49200 56.7878
49300 56.9434
49400 57.1769
49500 57.4018
49600 57.5055
49700 57.6979
49800 57.6788
49900 57.6836
50000 57.8538
50100 58.1417
50200 58.3286
50300 58.4342
50400 58.4528
50500 58.6319
50600 58.8348
50700 59.252
50800 59.3722
50900 59.4582
51000 59.5727
51100 59.8238
51200 59.7713
51300 59.8248
51400 59.7336
51500 60.05
51600 60.0223
51700 60.1913
51800 60.3467
51900 60.4704
52000 60.2602
52100 60.2583
52200 60.2402
52300 60.4242
52400 60.546
52500 60.6728
52600 60.6289
52700 60.3887
52800 60.0979
52900 59.8938
53000 59.774
53100 59.8881
53200 60.0837
53300 60.2596
53400 60.4704
53500 60.4917
53600 60.5171
53700 60.4566
53800 60.2824
53900 60.3672
54000 60.5723
54100 60.736
54200 61.0306
54300 61.4101
54400 61.6445
54500 61.9454
54600 62.3636
54700 62.6679
54800 62.7935
54900 63.1005
55000 63.1853
55100 63.3773
55200 63.4384
55300 63.5625
55400 63.6372
55500 63.6896
55600 63.459
55700 63.3788
55800 63.5188
55900 63.7675
56000 63.7266
56100 63.807
56200 63.9255
56300 63.9057
56400 64.0714
56500 64.1155
56600 64.304
56700 64.2728
56800 64.3744
56900 64.3209
57000 64.5907
57100 64.7906
57200 64.8274
57300 65.0134
57400 65.0513
57500 65.1361
57600 65.3088
57700 65.4239
57800 65.2992
57900 65.1201
58000 65.1137
58100 64.9725
58200 64.996
58300 64.9552
58400 64.9361
58500 65.2102
58600 65.5867
58700 65.6492
58800 65.7653
58900 65.6953
59000 65.6012
59100 65.6158
59200 65.7753
59300 65.9383
59400 66.2491
59500 66.4958
59600 66.7069
59700 66.8429
59800 66.9146
59900 66.9861
60000 67.0291
60100 67.1652
60200 67.4985
60300 67.669
60400 67.6121
60500 67.6598
60600 67.651
60700 67.6683
60800 67.6488
60900 67.6082
61000 67.4961
61100 67.3829
61200 67.4316
61300 67.5188
61400 67.5069
61500 67.5919
61600 67.6725
61700 67.7394
61800 67.6452
61900 67.6451
62000 67.9019
62100 67.9859
62200 68.2246
62300 68.4552
62400 68.6071
62500 68.7688
62600 68.8701
62700 68.6235
62800 68.5151
62900 68.4436
63000 68.4675
63100 68.4528
63200 68.9621
63300 69.3093
63400 69.617
63500 69.8456
63600 70.0932
63700 70.2779
63800 70.6229
63900 70.9733
64000 71.2109
64100 71.5001
64200 71.8203
64300 72.0908
64400 72.125
64500 71.831
64600 71.7732
64700 71.9121
64800 71.9033
64900 71.8267
65000 71.7167
65100 71.6172
65200 71.5305
65300 71.5723
65400 71.4338
65500 71.4675
65600 71.6743
65700 71.4794
65800 71.2119
65900 70.8804
66000 70.7298
66100 70.5535
66200 70.6204
66300 70.8094
66400 71.1454
66500 71.2885
66600 71.0064
66700 70.6974
66800 70.5243
66900 70.728
67000 70.9156
67100 71.0905
67200 70.9992
67300 70.9273
67400 71.0863
67500 71.3668
67600 71.429
67700 71.4664
67800 71.3593
67900 71.484
68000 71.5433
68100 71.4667
68200 71.7121
68300 71.9465
68400 72.353
68500 72.6599
68600 72.9215
68700 73.3001
68800 73.2379
68900 73.1551
69000 73.2301
69100 73.3929
69200 73.6545
69300 73.8333
69400 73.6833
69500 73.2427
69600 73.257
69700 73.0721
69800 72.8238
69900 72.3869
70000 72.1493
70100 71.9744
70200 71.8753
70300 71.9519
70400 71.9884
70500 72.0376
70600 72.1116
70700 72.2099
70800 72.1812
70900 72.1875
71000 72.1423
71100 72.0234
71200 71.9903
71300 72.2341
71400 72.1223
71500 71.8046
71600 71.6093
71700 71.4603
71800 71.4226
71900 71.527
72000 71.8095
72100 72.0842
72200 71.9453
72300 72.0627
72400 72.1894
72500 72.2936
72600 72.3553
72700 72.5568
72800 72.3581
72900 72.2771
73000 72.3811
73100 72.2962
73200 72.5153
73300 72.6903
73400 72.8422
73500 72.8018
73600 73.0221
73700 72.8253
73800 72.7215
73900 72.7542
74000 72.9477
74100 73.0835
74200 73.237
74300 73.2186
74400 73.1408
74500 73.1021
74600 73.2023
74700 73.181
74800 73.0312
74900 73.0482
75000 73.2196
75100 73.4015
75200 73.7023
75300 73.8331
75400 73.9464
75500 73.8984
75600 74.107
75700 74.0012
75800 73.9516
75900 74.0745
76000 74.2541
76100 74.4206
76200 74.4214
76300 74.4705
76400 74.3756
76500 74.2314
76600 74.1478
76700 74.1682
76800 74.243
76900 74.5893
77000 74.6416
77100 74.6146
77200 75.0409
77300 75.5384
77400 75.7185
77500 75.9956
77600 76.2481
77700 76.2884
77800 76.3778
77900 76.3987
78000 76.5928
78100 77.0546
78200 77.1507
78300 77.4149
78400 77.546
78500 77.3924
78600 77.3409
78700 77.614
78800 77.7099
78900 77.8026
79000 78.132
79100 78.5395
79200 79.0017
79300 79.3943
79400 79.5332
79500 79.6529
79600 79.7426
79700 79.8568
79800 79.9622
79900 79.7857
80000 79.6243
80100 79.3399
80200 79.1817
80300 78.8962
80400 78.8032
80500 79.0905
80600 79.2251
80700 79.1056
80800 79.0892
80900 79.2821
81000 79.513
81100 79.4709
81200 79.5425
81300 79.4476
81400 79.4748
81500 79.5387
81600 79.7787
81700 79.8652
81800 79.9927
81900 80.2104
82000 80.4402
82100 80.6034
82200 80.5869
82300 80.6798
82400 80.402
82500 80.1378
82600 79.926
82700 79.6797
82800 79.4812
82900 79.4458
83000 79.445
83100 79.4222
83200 79.2718
83300 79.5807
83400 79.8778
83500 80.3032
83600 80.7344
83700 80.9973
83800 80.971
83900 80.9347
84000 80.9042
84100 80.8841
84200 80.9776
84300 81.1176
84400 81.2113
84500 81.3831
84600 81.6772
84700 81.9836
84800 82.2044
84900 82.056
85000 81.8931
85100 81.9304
85200 81.9129
85300 82.1248
85400 82.2246
85500 82.085
85600 82.1751
85700 82.2693
85800 82.2982
85900 82.13
86000 82.1633
86100 82.3466
86200 82.5414
86300 82.6827
86400 82.7707
86500 83.021
86600 82.9039
86700 82.9426
86800 82.9981
86900 82.868
87000 82.7295
87100 82.6125
87200 82.8343
87300 82.9137
87400 83.2611
87500 83.6319
87600 83.7613
87700 83.9904
87800 84.1311
87900 84.3657
88000 84.4542
88100 84.5602
88200 84.6928
88300 84.7336
88400 84.8734
88500 84.8863
88600 84.9144
88700 84.9995
88800 84.9812
88900 85.1704
89000 85.2184
89100 85.1708
89200 85.2179
89300 85.3706
89400 85.5491
89500 85.7173
89600 85.8915
89700 86.0704
89800 86.2624
89900 86.3036
90000 86.214
90100 86.33
90200 86.1693
90300 86.0114
90400 85.7915
90500 85.3701
90600 85.1711
90700 84.9333
90800 84.9925
90900 85.0571
91000 85.1229
91100 85.0771
91200 85.1972
91300 85.3559
91400 85.7936
91500 86.016
91600 85.9513
91700 85.7988
91800 85.8845
91900 85.9378
92000 86.0534
92100 86.0812
92200 86.1966
92300 86.2044
92400 86.2112
92500 86.4262
92600 86.5063
92700 86.3459
92800 86.6406
92900 86.7011
93000 86.9828
93100 87.132
93200 87.0819
93300 87.1436
93400 87.4085
93500 87.4683
93600 87.601
93700 88.0055
93800 88.2476
93900 88.5893
94000 88.9577
94100 89.0605
94200 89.182
94300 89.3153
94400 89.4748
94500 89.4276
94600 89.5378
94700 89.2969
94800 89.1716
94900 89.3572
95000 89.256
95100 88.9696
95200 88.8732
95300 88.8741
95400 88.7914
95500 88.7292
95600 88.5549
95700 88.3361
95800 88.038
95900 87.7514
96000 87.6929
96100 87.6761
96200 87.5023
96300 87.6364
96400 87.6013
96500 87.4593
96600 87.296
96700 87.2917
96800 87.5076
96900 87.51
97000 87.3416
97100 87.1753
97200 87.0856
97300 87.2648
97400 87.2536
97500 87.2816
97600 87.2252
97700 87.2001
97800 87.4803
97900 87.6556
98000 87.805
98100 87.8499
98200 88.1177
98300 88.3139
98400 88.695
98500 88.8772
98600 89.0054
98700 89.0371
98800 89.0428
98900 89.2621
99000 89.5272
99100 89.5113
99200 89.8834
99300 90.1412
99400 90.3077
99500 90.5047
99600 90.9201
99700 91.2324
99800 91.5962
99900 91.9963
100000 92.3519
