# Time-averaged data for fix msd_avg_all
# TimeStep c_msd_all[4]
0 1.12086e-28
50 0.191508
100 0.511486
150 0.826094
200 1.12989
250 1.43128
300 1.70769
350 1.96143
400 2.21384
450 2.45196
500 2.66593
550 2.8841
600 3.10767
650 3.3191
700 3.53715
750 3.7313
800 3.89151
850 4.05782
900 4.23995
950 4.4293
1000 4.62411
1050 4.7874
1100 4.92767
1150 5.09619
1200 5.26196
1250 5.44673
1300 5.63435
1350 5.80225
1400 5.94838
1450 6.06754
1500 6.1836
1550 6.30274
1600 6.40303
1650 6.51704
1700 6.61274
1750 6.72236
1800 6.8843
1850 7.04005
1900 7.19196
1950 7.36223
2000 7.50436
2050 7.63214
2100 7.80278
2150 7.95072
2200 8.10073
2250 8.19088
2300 8.28322
2350 8.39185
2400 8.53082
2450 8.68142
2500 8.82003
2550 8.93683
2600 9.02886
2650 9.10755
2700 9.17879
2750 9.23994
2800 9.29049
2850 9.33825
2900 9.41096
2950 9.47369
3000 9.52357
3050 9.5843
3100 9.65163
3150 9.71691
3200 9.7914
3250 9.88461
3300 10.0113
3350 10.1367
3400 10.2655
3450 10.4183
3500 10.5583
3550 10.6825
3600 10.7913
3650 10.8364
3700 10.8611
3750 10.9004
3800 10.977
3850 11.0707
3900 11.1746
3950 11.2494
4000 11.2946
4050 11.3587
4100 11.4262
4150 11.5206
4200 11.6231
4250 11.7049
4300 11.7805
4350 11.8788
4400 11.9732
4450 12.0718
4500 12.1773
4550 12.3308
4600 12.4381
4650 12.5147
4700 12.596
4750 12.6588
4800 12.7486
4850 12.8507
4900 12.9592
4950 13.0652
5000 13.1618
5050 13.2268
5100 13.3739
5150 13.5467
5200 13.6684
5250 13.7964
5300 13.9517
5350 14.0918
5400 14.2564
5450 14.3806
5500 14.4366
5550 14.5083
5600 14.5387
5650 14.4954
5700 14.476
5750 14.5069
5800 14.5609
5850 14.6182
5900 14.6223
5950 14.6152
6000 14.6387
6050 14.712
6100 14.8034
6150 14.8821
6200 15.0089
6250 15.1038
6300 15.2184
6350 15.3209
6400 15.3771
6450 15.4277
6500 15.463
6550 15.5557
6600 15.5927
6650 15.6696
6700 15.721
6750 15.7482
6800 15.7575
6850 15.7772
6900 15.7772
6950 15.7646
7000 15.8234
7050 15.887
7100 15.8513
7150 15.8555
7200 15.9057
7250 15.9498
7300 16.0224
7350 16.1064
7400 16.1748
7450 16.3099
7500 16.419
7550 16.5019
7600 16.5876
7650 16.6443
7700 16.7078
7750 16.8358
7800 16.9412
7850 17.0055
7900 17.04
7950 17.0746
8000 17.1477
8050 17.2185
8100 17.2862
8150 17.3648
8200 17.4516
8250 17.4998
8300 17.5682
8350 17.6193
8400 17.6856
8450 17.7682
8500 17.8647
8550 17.9707
8600 18.1257
8650 18.2534
8700 18.3251
8750 18.3921
8800 18.5079
8850 18.6385
8900 18.786
8950 18.9178
9000 19.0155
9050 19.0888
9100 19.1719
9150 19.2335
9200 19.3352
9250 19.424
9300 19.4604
9350 19.4966
9400 19.566
9450 19.6227
9500 19.6381
9550 19.7305
9600 19.8459
9650 19.9467
9700 20.0562
9750 20.2005
9800 20.3684
9850 20.5156
9900 20.6106
9950 20.6564
10000 20.6969
10050 20.7456
10100 20.8527
10150 20.9294
10200 20.8995
10250 20.9121
10300 20.9828
10350 21.0603
10400 21.1155
10450 21.1344
10500 21.0656
10550 20.9786
10600 20.9342
10650 20.9246
10700 20.8842
10750 20.8534
10800 20.8435
10850 20.9024
10900 20.9911
10950 21.0378
11000 21.0532
11050 21.1393
11100 21.2104
11150 21.2406
11200 21.2929
11250 21.3305
11300 21.3484
11350 21.4018
11400 21.4178
11450 21.4624
11500 21.4887
11550 21.5165
11600 21.5238
11650 21.5719
11700 21.5945
11750 21.57
11800 21.5428
11850 21.5179
11900 21.4838
11950 21.4593
12000 21.5049
12050 21.5805
12100 21.66
12150 21.6924
12200 21.7548
12250 21.8046
12300 21.8945
12350 21.9641
12400 21.9947
12450 22.0528
12500 22.0681
12550 22.0809
12600 22.0932
12650 22.1212
12700 22.1393
12750 22.149
12800 22.1346
12850 22.1641
12900 22.2246
12950 22.2947
13000 22.3842
13050 22.4129
13100 22.4416
13150 22.4194
13200 22.432
13250 22.4738
13300 22.5341
13350 22.597
13400 22.6442
13450 22.7275
13500 22.7712
13550 22.7952
13600 22.8448
13650 22.9189
13700 23.0314
13750 23.1352
13800 23.135
13850 23.1526
13900 23.1778
13950 23.2069
14000 23.2691
14050 23.3478
14100 23.4065
14150 23.4842
14200 23.604
14250 23.7349
14300 23.7713
14350 23.8286
14400 23.8981
14450 24.0243
14500 24.1892
14550 24.3586
14600 24.5535
14650 24.7079
14700 24.8209
14750 24.9387
14800 25.0066
14850 25.0298
14900 25.1282
14950 25.2809
15000 25.4116
15050 25.5005
15100 25.5953
15150 25.7077
15200 25.7996
15250 25.8687
15300 25.9119
15350 25.9602
15400 26.0514
15450 26.1377
15500 26.2154
15550 26.2532
15600 26.3434
15650 26.4204
15700 26.4254
15750 26.4487
15800 26.472
15850 26.4566
15900 26.5395
15950 26.6259
16000 26.6926
16050 26.7556
16100 26.8532
16150 26.9674
16200 27.078
16250 27.1632
16300 27.211
16350 27.2371
16400 27.2491
16450 27.2523
16500 27.1718
16550 27.1919
16600 27.3084
16650 27.3734
16700 27.3891
16750 27.4198
16800 27.4023
16850 27.3937
16900 27.4632
16950 27.5096
17000 27.5661
17050 27.5616
17100 27.5686
17150 27.5626
17200 27.5832
17250 27.5934
17300 27.6307
17350 27.6197
17400 27.6241
17450 27.6409
17500 27.6967
17550 27.7125
17600 27.7635
17650 27.7435
17700 27.7172
17750 27.6823
17800 27.7248
17850 27.733
17900 27.7556
17950 27.7756
18000 27.8287
18050 27.8258
18100 27.8594
18150 27.8734
18200 27.8491
18250 27.837
18300 27.8554
18350 27.8413
18400 27.8238
18450 27.7938
18500 27.7251
18550 27.7296
18600 27.6943
18650 27.657
18700 27.6709
18750 27.6929
18800 27.724
18850 27.6995
18900 27.6675
18950 27.6416
19000 27.6058
19050 27.5407
19100 27.4435
19150 27.4265
19200 27.439
19250 27.4513
19300 27.4586
19350 27.4563
19400 27.4703
19450 27.4958
19500 27.5106
19550 27.5456
19600 27.6871
19650 27.8074
19700 27.8878
19750 27.912
19800 27.9131
19850 27.9588
19900 28.038
19950 28.1346
20000 28.2626
20050 28.4204
20100 28.5146
20150 28.5821
20200 28.6863
20250 28.7382
20300 28.7195
20350 28.715
20400 28.7134
20450 28.6881
20500 28.6904
20550 28.716
20600 28.7984
20650 28.8607
20700 28.9726
20750 29.1002
20800 29.1815
20850 29.1918
20900 29.2212
20950 29.2166
21000 29.1241
21050 29.0565
21100 29.0533
21150 29.0763
21200 29.0617
21250 29.0465
21300 29.0142
21350 29.0894
21400 29.1478
21450 29.1808
21500 29.221
21550 29.2585
21600 29.2055
21650 29.2119
21700 29.2381
21750 29.2817
21800 29.3711
21850 29.4634
21900 29.6194
21950 29.7279
22000 29.8298
22050 29.922
22100 30.0107
22150 30.0375
22200 30.1453
22250 30.1748
22300 30.1847
22350 30.0986
22400 30.0023
22450 29.9127
22500 29.9226
22550 29.932
22600 29.8663
22650 29.8739
22700 29.8941
22750 29.9045
22800 29.9324
22850 29.8819
22900 29.8519
22950 29.7516
23000 29.6514
23050 29.6708
23100 29.7325
23150 29.8049
23200 29.9139
23250 30.0132
23300 30.0545
23350 30.1502
23400 30.243
23450 30.3729
23500 30.4329
23550 30.3811
23600 30.3722
23650 30.3838
23700 30.4527
23750 30.5459
23800 30.6515
23850 30.7316
23900 30.9525
23950 31.181
24000 31.3431
24050 31.42
24100 31.4904
24150 31.551
24200 31.5866
24250 31.6307
24300 31.6858
24350 31.7135
24400 31.6889
24450 31.7379
24500 31.765
24550 31.7891
24600 31.7663
24650 31.7595
24700 31.8175
24750 31.8404
24800 31.9111
24850 31.9745
24900 32.0979
24950 32.1495
25000 32.1942
25050 32.1793
25100 32.113
25150 32.1038
25200 32.1026
25250 32.0675
25300 32.1132
25350 32.1921
25400 32.2546
25450 32.3228
25500 32.4124
25550 32.4389
25600 32.4698
25650 32.5022
25700 32.5913
25750 32.7348
25800 32.8212
25850 32.8614
25900 32.848
25950 32.9114
26000 32.9473
26050 32.9804
26100 32.9543
26150 32.882
26200 32.8788
26250 32.9037
26300 32.8121
26350 32.7594
26400 32.7355
26450 32.7128
26500 32.7366
26550 32.8355
26600 32.9619
26650 33.1029
26700 33.259
26750 33.4518
26800 33.614
26850 33.8771
26900 34.0826
26950 34.1835
27000 34.2731
27050 34.3084
27100 34.3577
27150 34.355
27200 34.4837
27250 34.5757
27300 34.6407
27350 34.7276
27400 34.7925
27450 34.781
27500 34.7503
27550 34.7662
27600 34.783
27650 34.8476
27700 34.9521
27750 34.9229
27800 34.8446
27850 34.7721
27900 34.8022
27950 34.7551
28000 34.7532
28050 34.8243
28100 34.939
28150 35.0567
28200 35.1198
28250 35.1285
28300 35.1344
28350 35.2228
28400 35.4216
28450 35.5556
28500 35.6595
28550 35.7535
28600 35.854
28650 35.9885
28700 36.0814
28750 36.2119
28800 36.3163
28850 36.382
28900 36.4854
28950 36.5088
29000 36.4907
29050 36.4531
29100 36.4466
29150 36.5018
29200 36.4496
29250 36.3375
29300 36.3015
29350 36.2394
29400 36.275
29450 36.3548
29500 36.434
29550 36.5824
29600 36.7688
29650 36.8707
29700 37.0119
29750 37.0455
29800 37.0562
29850 37.0302
29900 37.0579
29950 37.1066
30000 37.1109
30050 37.0729
30100 37.0273
30150 36.9853
30200 36.9623
30250 37.0348
30300 37.0666
30350 37.0797
30400 37.1344
30450 37.1731
30500 37.2658
30550 37.3619
30600 37.4494
30650 37.486
30700 37.5553
30750 37.6146
30800 37.6392
30850 37.637
30900 37.6829
30950 37.7533
31000 37.88
31050 38.0197
31100 38.0316
31150 38.0495
31200 38.0869
31250 38.1262
31300 38.1927
31350 38.2052
31400 38.172
31450 38.1668
31500 38.2434
31550 38.2303
31600 38.2218
31650 38.1776
31700 38.1946
31750 38.2517
31800 38.3476
31850 38.489
31900 38.5526
31950 38.6772
32000 38.7596
32050 38.8562
32100 38.8816
32150 38.8794
32200 38.9699
32250 39.1353
32300 39.3248
32350 39.439
32400 39.4709
32450 39.4643
32500 39.3708
32550 39.2751
32600 39.2665
32650 39.2643
32700 39.3005
32750 39.3468
32800 39.4342
32850 39.5429
32900 39.6369
32950 39.6812
33000 39.834
33050 39.9843
33100 40.2142
33150 40.398
33200 40.6031
33250 40.7201
33300 40.7765
33350 40.7654
33400 40.6713
33450 40.5893
33500 40.5946
33550 40.6277
33600 40.6063
33650 40.6215
33700 40.6618
33750 40.6339
33800 40.591
33850 40.4703
33900 40.3861
33950 40.3843
34000 40.4202
34050 40.5051
34100 40.5308
34150 40.5835
34200 40.6872
34250 40.7752
34300 40.8156
34350 40.8021
34400 40.7286
34450 40.6031
34500 40.5125
34550 40.3803
34600 40.254
34650 40.1668
34700 40.0889
34750 40.0212
34800 39.9567
34850 39.9198
34900 39.8011
34950 39.7574
35000 39.7604
35050 39.8442
35100 39.9324
35150 40.0673
35200 40.1622
35250 40.1477
35300 40.0898
35350 40.086
35400 40.0367
35450 39.9196
35500 39.8559
35550 39.7216
35600 39.6338
35650 39.5771
35700 39.5082
35750 39.4994
35800 39.5141
35850 39.45
35900 39.394
35950 39.3509
36000 39.2617
36050 39.2021
36100 39.1468
36150 39.1735
36200 39.2242
36250 39.3103
36300 39.2973
36350 39.2867
36400 39.2676
36450 39.2568
36500 39.2667
36550 39.3275
36600 39.4008
36650 39.5361
36700 39.6726
36750 39.7754
36800 39.8047
36850 39.8573
36900 39.7628
36950 39.6412
37000 39.5965
37050 39.7029
37100 39.7594
37150 39.7677
37200 39.7253
37250 39.7509
37300 39.7777
37350 39.8164
37400 39.8968
37450 39.8934
37500 39.8326
37550 39.8413
37600 39.9331
37650 40.0042
37700 40.0561
37750 40.0135
37800 40.0271
37850 40.0018
37900 39.9733
37950 39.978
38000 39.8994
38050 39.9216
38100 39.9349
38150 39.9742
38200 40.038
38250 40.0736
38300 40.1175
38350 40.1835
38400 40.2699
38450 40.3434
38500 40.49
38550 40.5302
38600 40.6079
38650 40.6476
38700 40.7357
38750 40.8603
38800 41.0189
38850 41.1425
38900 41.2877
38950 41.3414
39000 41.3268
39050 41.3246
39100 41.3995
39150 41.4565
39200 41.4166
39250 41.3834
39300 41.3657
39350 41.3876
39400 41.4366
39450 41.42
39500 41.3669
39550 41.3808
39600 41.4153
39650 41.4159
39700 41.3959
39750 41.2829
39800 41.2459
39850 41.2269
39900 41.1908
39950 41.1697
40000 41.1294
40050 41.1236
40100 41.1844
40150 41.2386
40200 41.2281
40250 41.2229
40300 41.2073
40350 41.19
40400 41.1434
40450 41.1177
40500 41.1459
40550 41.1933
40600 41.2774
40650 41.2432
40700 41.3173
40750 41.433
40800 41.4683
40850 41.5029
40900 41.5443
40950 41.5607
41000 41.5334
41050 41.4826
41100 41.4145
41150 41.2747
41200 41.1798
41250 41.1157
41300 41.0105
41350 40.9403
41400 40.9502
41450 40.9951
41500 41.0596
41550 41.1484
41600 41.191
41650 41.2125
41700 41.2068
41750 41.2587
41800 41.3472
41850 41.4227
41900 41.5105
41950 41.5776
42000 41.7026
42050 41.7874
42100 41.7793
42150 41.745
42200 41.7166
42250 41.695
42300 41.7153
42350 41.7471
42400 41.7724
42450 41.8038
42500 41.8545
42550 41.9586
42600 42.0876
42650 42.0999
42700 42.1219
42750 42.1066
42800 42.157
42850 42.2223
42900 42.293
42950 42.3707
43000 42.4693
43050 42.6807
43100 42.9636
43150 43.1264
43200 43.1827
43250 43.2009
43300 43.1704
43350 43.1265
43400 43.1404
43450 43.1705
43500 43.1089
43550 43.1158
43600 43.1446
43650 43.1995
43700 43.2182
43750 43.2116
43800 43.2343
43850 43.2742
43900 43.3332
43950 43.4851
44000 43.548
44050 43.6875
44100 43.7938
44150 43.7648
44200 43.7749
44250 43.8593
44300 44.015
44350 44.2216
44400 44.3963
44450 44.5378
44500 44.6316
44550 44.7224
44600 44.8799
44650 44.9992
44700 45.0471
44750 45.1434
44800 45.1746
44850 45.2536
44900 45.3283
44950 45.3102
45000 45.3314
45050 45.3123
45100 45.2749
45150 45.2879
45200 45.2268
45250 45.1678
45300 45.1293
45350 45.1276
45400 45.1516
45450 45.2931
45500 45.3938
45550 45.4738
45600 45.5673
45650 45.6108
45700 45.6745
45750 45.7226
45800 45.7011
45850 45.6161
45900 45.5729
45950 45.4743
46000 45.3492
46050 45.2869
46100 45.2935
46150 45.3102
46200 45.3746
46250 45.5053
46300 45.6263
46350 45.7104
46400 45.8437
46450 46.0453
46500 46.2235
46550 46.3433
46600 46.3692
46650 46.3196
46700 46.288
46750 46.2018
46800 46.1786
46850 46.1615
46900 46.1932
46950 46.372
47000 46.5246
47050 46.5918
47100 46.6176
47150 46.6009
47200 46.5822
47250 46.5298
47300 46.5126
47350 46.4828
47400 46.5613
47450 46.6676
47500 46.7556
47550 46.7972
47600 46.8209
47650 46.8273
47700 46.8141
47750 46.7876
47800 46.7073
47850 46.6865
47900 46.7293
47950 46.7935
48000 46.9501
48050 47.0958
48100 47.1264
48150 47.1265
48200 47.1891
48250 47.2119
48300 47.1525
48350 47.0943
48400 47.0775
48450 47.0199
48500 46.9503
48550 46.9594
48600 46.9747
48650 46.9684
48700 46.9974
48750 47.04
48800 47.0243
48850 46.9867
48900 47.0191
48950 47.0124
49000 47.0084
49050 47.12
49100 47.1475
49150 47.1645
49200 47.207
49250 47.1704
49300 47.1776
49350 47.1476
49400 47.2061
49450 47.2158
49500 47.2224
49550 47.2186
49600 47.248
49650 47.3376
49700 47.4833
49750 47.5814
49800 47.7125
49850 47.7418
49900 47.7907
49950 47.8491
50000 47.9772
50050 48.0102
50100 48.1019
50150 48.273
50200 48.3693
50250 48.5394
50300 48.6585
50350 48.6975
50400 48.7793
50450 48.926
50500 49.1974
50550 49.4516
50600 49.6693
50650 49.8522
50700 50.0049
50750 50.1444
50800 50.2326
50850 50.3083
50900 50.4317
50950 50.662
51000 50.7651
51050 50.8595
51100 50.9997
51150 51.2157
51200 51.2683
51250 51.2185
51300 51.2192
51350 51.2042
51400 51.1494
51450 51.0223
51500 50.9252
51550 50.99
51600 51.1146
51650 51.1045
51700 51.0566
51750 51.0765
51800 51.0289
51850 51.1087
51900 51.2506
51950 51.3528
52000 51.4266
52050 51.5053
52100 51.5433
52150 51.6084
52200 51.6609
52250 51.7966
52300 51.9342
52350 51.9233
52400 51.8992
52450 51.843
52500 51.855
52550 51.9078
52600 52.0043
52650 52.1534
52700 52.1676
52750 52.1455
52800 52.1405
52850 52.206
52900 52.1609
52950 52.1247
53000 52.0923
53050 52.134
53100 52.0497
53150 51.9405
53200 51.9611
53250 51.9682
53300 51.9227
53350 51.9733
53400 52.0508
53450 52.0444
53500 51.9926
53550 51.9539
53600 51.8167
53650 51.6849
53700 51.6615
53750 51.7513
53800 51.8501
53850 51.9177
53900 51.9991
53950 52.1181
54000 52.2543
54050 52.3854
54100 52.4632
54150 52.6462
54200 52.7987
54250 52.9782
54300 53.0955
54350 53.1675
54400 53.1968
54450 53.2146
54500 53.216
54550 53.3103
54600 53.3444
54650 53.4208
54700 53.3921
54750 53.4458
54800 53.441
54850 53.4411
54900 53.4373
54950 53.4472
55000 53.5128
55050 53.6161
55100 53.6421
55150 53.649
55200 53.5641
55250 53.5548
55300 53.6241
55350 53.7394
55400 53.8315
55450 53.8705
55500 53.9865
55550 54.0626
55600 54.1875
55650 54.2565
55700 54.3522
55750 54.5086
55800 54.5818
55850 54.5683
55900 54.4917
55950 54.3565
56000 54.2065
56050 54.0491
56100 54.0729
56150 54.0201
56200 54.0156
56250 54.1224
56300 54.2273
56350 54.3434
56400 54.4178
56450 54.5153
56500 54.6242
56550 54.6551
56600 54.6764
56650 54.7667
56700 54.9628
56750 55.1204
56800 55.2849
56850 55.4343
56900 55.5494
56950 55.6243
57000 55.6493
57050 55.6159
57100 55.5427
57150 55.4999
57200 55.5372
57250 55.5772
57300 55.5354
57350 55.5672
57400 55.6423
57450 55.6293
57500 55.5668
57550 55.4484
57600 55.2983
57650 55.2378
57700 55.265
57750 55.2658
57800 55.2635
57850 55.2316
57900 55.2686
57950 55.1976
58000 55.0927
58050 55.0237
58100 54.9102
58150 54.7015
58200 54.5307
58250 54.4634
58300 54.5202
58350 54.583
58400 54.7204
58450 54.889
58500 55.0718
58550 55.2132
58600 55.3279
58650 55.4275
58700 55.5229
58750 55.557
58800 55.5667
58850 55.5604
58900 55.6093
58950 55.7671
59000 55.931
59050 56.0754
59100 56.1408
59150 56.1391
59200 56.2364
59250 56.3489
59300 56.2844
59350 56.2014
59400 56.1507
59450 56.1899
59500 56.2853
59550 56.3901
59600 56.5053
59650 56.599
59700 56.7624
59750 56.8984
59800 56.9288
59850 56.9432
59900 56.8773
59950 56.8025
60000 56.6817
60050 56.6455
60100 56.5941
60150 56.5525
60200 56.6016
60250 56.6159
60300 56.61
60350 56.5281
60400 56.4996
60450 56.4726
60500 56.5514
60550 56.6912
60600 56.5714
60650 56.4949
60700 56.5072
60750 56.6073
60800 56.7703
60850 56.8863
60900 57.0202
60950 57.1413
61000 57.2175
61050 57.2842
61100 57.3499
61150 57.3466
61200 57.4142
61250 57.4654
61300 57.4628
61350 57.5099
61400 57.6034
61450 57.7676
61500 57.9531
61550 58.0487
61600 58.1809
61650 58.3317
61700 58.4059
61750 58.482
61800 58.5507
61850 58.5917
61900 58.5531
61950 58.5946
62000 58.5964
62050 58.5461
62100 58.5711
62150 58.6037
62200 58.581
62250 58.5597
62300 58.5194
62350 58.5253
62400 58.6438
62450 58.7384
62500 58.7941
62550 58.779
62600 58.6908
62650 58.5411
62700 58.3992
62750 58.331
62800 58.3677
62850 58.4805
62900 58.5048
62950 58.5559
63000 58.6165
63050 58.5898
63100 58.6052
63150 58.728
63200 58.8567
63250 59.0229
63300 59.1292
63350 59.2298
63400 59.3584
63450 59.4284
63500 59.4469
63550 59.4576
63600 59.4225
63650 59.4797
63700 59.5271
63750 59.5682
63800 59.6022
63850 59.5614
63900 59.5638
63950 59.5415
64000 59.5486
64050 59.6037
64100 59.6855
64150 59.714
64200 59.7955
64250 59.7874
64300 59.7605
64350 59.8074
64400 59.862
64450 59.869
64500 59.8895
64550 59.9091
64600 59.9544
64650 60.0444
64700 60.1271
64750 60.1746
64800 60.1775
64850 60.1806
64900 60.1132
64950 60.0481
65000 59.9927
65050 59.9451
65100 59.9161
65150 60.0203
65200 60.1238
65250 60.0607
65300 59.955
65350 59.8252
65400 59.6869
65450 59.6274
65500 59.6358
65550 59.6162
65600 59.6385
65650 59.6741
65700 59.6324
65750 59.6082
65800 59.7177
65850 59.7417
65900 59.8861
65950 59.9848
66000 59.9129
66050 59.8537
66100 59.8957
66150 59.8733
66200 59.8977
66250 59.9305
66300 59.9415
66350 59.8241
66400 59.8381
66450 59.8448
66500 59.8971
66550 59.9057
66600 59.8184
66650 59.7265
66700 59.674
66750 59.6011
66800 59.6451
66850 59.7507
66900 59.8848
66950 60.0008
67000 60.1502
67050 60.3522
67100 60.5399
67150 60.591
67200 60.6464
67250 60.7402
67300 60.7653
67350 60.7449
67400 60.7356
67450 60.7619
67500 60.7476
67550 60.7689
67600 60.8013
67650 60.7801
67700 60.7694
67750 60.8251
67800 60.8447
67850 60.8511
67900 60.9804
67950 61.0513
68000 60.9494
68050 60.787
68100 60.6227
68150 60.6027
68200 60.6579
68250 60.6858
68300 60.7908
68350 60.9669
68400 61.1066
68450 61.2561
68500 61.3637
68550 61.3692
68600 61.337
68650 61.3174
68700 61.3312
68750 61.3553
68800 61.4272
68850 61.5839
68900 61.5851
68950 61.6137
69000 61.6425
69050 61.7059
69100 61.7674
69150 61.7888
69200 61.8451
69250 61.8923
69300 61.973
69350 62.1269
69400 62.1887
69450 62.1932
69500 62.201
69550 62.1721
69600 62.106
69650 62.0689
69700 62.0851
69750 62.0614
69800 62.0934
69850 62.2607
69900 62.3353
69950 62.4534
70000 62.5634
70050 62.627
70100 62.7156
70150 62.6866
70200 62.6657
70250 62.7922
70300 62.9496
70350 63.0149
70400 63.1103
70450 63.2531
70500 63.3761
70550 63.4575
70600 63.5687
70650 63.6827
70700 63.6836
70750 63.4894
70800 63.2866
70850 63.1345
70900 63.0174
70950 62.8216
71000 62.7433
71050 62.67
71100 62.6689
71150 62.6891
71200 62.7791
71250 62.8183
71300 62.8203
71350 62.7543
71400 62.771
71450 62.7484
71500 62.7429
71550 62.7842
71600 62.8002
71650 62.8118
71700 62.7423
71750 62.739
71800 62.7344
71850 62.7273
71900 62.7933
71950 62.9565
72000 63.2079
72050 63.3509
72100 63.3754
72150 63.4258
72200 63.5401
72250 63.6262
72300 63.6182
72350 63.6868
72400 63.6647
72450 63.7234
72500 63.8135
72550 63.8866
72600 63.9117
72650 63.9832
72700 64.0531
72750 64.1212
72800 64.1884
72850 64.2585
72900 64.3337
72950 64.4603
73000 64.5705
73050 64.7418
73100 64.9153
73150 65.0914
73200 65.2241
73250 65.3769
73300 65.4983
73350 65.6656
73400 65.8532
73450 65.9461
73500 66.0292
73550 66.1393
73600 66.1963
73650 66.168
73700 66.1289
73750 66.1345
73800 66.1328
73850 66.022
73900 65.9655
73950 66.0908
74000 66.1144
74050 66.1283
74100 66.1645
74150 66.2983
74200 66.526
74250 66.6847
74300 66.8874
74350 67.0107
74400 67.0884
74450 67.1738
74500 67.1536
74550 67.0149
74600 66.9709
74650 67.0123
74700 67.0459
74750 67.1069
74800 67.0938
74850 67
74900 66.9786
74950 66.9738
75000 66.8659
75050 66.637
75100 66.5295
75150 66.5294
75200 66.5002
75250 66.4126
75300 66.391
75350 66.3326
75400 66.2573
75450 66.2415
75500 66.1933
75550 66.2446
75600 66.3013
75650 66.4016
75700 66.49
75750 66.5796
75800 66.5839
75850 66.6029
75900 66.7227
75950 66.7632
76000 66.7738
76050 66.7536
76100 66.6211
76150 66.6408
76200 66.6982
76250 66.7661
76300 66.9453
76350 67.1346
76400 67.3264
76450 67.5819
76500 67.6869
76550 67.8526
76600 68.0333
76650 68.1369
76700 68.2458
76750 68.2866
76800 68.3259
76850 68.3171
76900 68.3804
76950 68.3306
77000 68.2661
77050 68.0416
77100 67.7998
77150 67.6113
77200 67.3989
77250 67.3148
77300 67.2797
77350 67.1913
77400 67.249
77450 67.4345
77500 67.5913
77550 67.755
77600 67.8035
77650 67.7435
77700 67.6882
77750 67.6897
77800 67.6511
77850 67.6539
77900 67.6689
77950 67.7197
78000 67.7826
78050 67.8997
78100 67.9984
78150 68.1539
78200 68.2749
78250 68.3529
78300 68.3503
78350 68.5199
78400 68.6868
78450 68.851
78500 68.8043
78550 68.7218
78600 68.6482
78650 68.5875
78700 68.5808
78750 68.662
78800 68.8103
78850 68.8876
78900 68.874
78950 68.7502
79000 68.6706
79050 68.7341
79100 68.7897
79150 68.772
79200 68.8522
79250 68.9184
79300 69.034
79350 69.1815
79400 69.2769
79450 69.3031
79500 69.2692
79550 69.4137
79600 69.4841
79650 69.534
79700 69.6753
79750 69.8745
79800 70.0655
79850 70.1275
79900 70.1975
79950 70.1145
80000 69.9645
80050 69.8729
80100 69.8588
80150 69.8139
80200 69.786
80250 69.7708
80300 69.8194
80350 69.7823
80400 69.805
80450 69.8647
80500 69.8783
80550 69.9018
80600 69.9366
80650 70.0859
80700 70.2253
80750 70.3945
80800 70.4701
80850 70.4496
80900 70.416
80950 70.4877
81000 70.4192
81050 70.3304
81100 70.3678
81150 70.4904
81200 70.5413
81250 70.6099
81300 70.5905
81350 70.5214
81400 70.5699
81450 70.6529
81500 70.7476
81550 70.8301
81600 70.7444
81650 70.7179
81700 70.6836
81750 70.6285
81800 70.6348
81850 70.6284
81900 70.5276
81950 70.4541
82000 70.5805
82050 70.6967
82100 70.6729
82150 70.6046
82200 70.5309
82250 70.4877
82300 70.4537
82350 70.4232
82400 70.479
82450 70.4574
82500 70.4175
82550 70.4252
82600 70.4301
82650 70.384
82700 70.3917
82750 70.4331
82800 70.577
82850 70.7217
82900 70.7765
82950 70.9428
83000 71.0313
83050 71.086
83100 71.1107
83150 71.0902
83200 71.0662
83250 71.0751
83300 70.9939
83350 70.8143
83400 70.6671
83450 70.5675
83500 70.5621
83550 70.6333
83600 70.6448
83650 70.5655
83700 70.5173
83750 70.5064
83800 70.4366
83850 70.4213
83900 70.3824
83950 70.4195
84000 70.3618
84050 70.3874
84100 70.2759
84150 70.0633
84200 69.9466
84250 69.928
84300 70.0022
84350 70.0136
84400 69.9683
84450 69.8931
84500 69.8226
84550 69.7753
84600 69.82
84650 69.9134
84700 69.9868
84750 70.1112
84800 70.1719
84850 70.2068
84900 70.2944
84950 70.418
85000 70.516
85050 70.5382
85100 70.5709
85150 70.6352
85200 70.7978
85250 70.9172
85300 70.9055
85350 70.8758
85400 70.9727
85450 71.1857
85500 71.3585
85550 71.4373
85600 71.4577
85650 71.5283
85700 71.6105
85750 71.5796
85800 71.5838
85850 71.6185
85900 71.6802
85950 71.6623
86000 71.6438
86050 71.71
86100 71.8397
86150 72.0762
86200 72.2681
86250 72.4145
86300 72.4929
86350 72.521
86400 72.4808
86450 72.4863
86500 72.5065
86550 72.5148
86600 72.4207
86650 72.3272
86700 72.2421
86750 72.3232
86800 72.4678
86850 72.6286
86900 72.7219
86950 72.867
87000 72.9761
87050 73.0736
87100 73.1003
87150 73.0609
87200 72.9877
87250 72.9625
87300 72.9169
87350 72.9931
87400 73.0689
87450 73.0688
87500 73.1546
87550 73.2283
87600 73.2234
87650 73.2015
87700 73.1701
87750 73.1595
87800 73.2263
87850 73.2954
87900 73.4332
87950 73.3923
88000 73.3332
88050 73.2879
88100 73.2811
88150 73.2458
88200 73.1754
88250 73.1975
88300 73.2812
88350 73.2796
88400 73.276
88450 73.2521
88500 73.1821
88550 73.1805
88600 73.0932
88650 73.0098
88700 73.0274
88750 73.184
88800 73.3584
88850 73.4406
88900 73.5278
88950 73.6286
89000 73.6364
89050 73.5203
89100 73.426
89150 73.3328
89200 73.2162
89250 73.0878
89300 72.909
89350 72.8245
89400 72.7985
89450 72.6216
89500 72.4611
89550 72.3838
89600 72.3008
89650 72.2814
89700 72.3175
89750 72.4723
89800 72.653
89850 72.7904
89900 72.9018
89950 72.9336
90000 72.9566
90050 72.9307
90100 72.9832
90150 72.9897
90200 73.0944
90250 73.1903
90300 73.2739
90350 73.4304
90400 73.6742
90450 73.8805
90500 74.0394
90550 74.1438
90600 74.1145
90650 74.1723
90700 74.1434
90750 74.0409
90800 73.9412
90850 73.9411
90900 73.9397
90950 73.8372
91000 73.7805
91050 73.7569
91100 73.9506
91150 74.112
91200 74.2274
91250 74.2812
91300 74.3783
91350 74.5732
91400 74.6105
91450 74.6144
91500 74.6779
91550 74.6709
91600 74.6998
91650 74.589
91700 74.5083
91750 74.4926
91800 74.4381
91850 74.3892
91900 74.3412
91950 74.3239
92000 74.3808
92050 74.4762
92100 74.5456
92150 74.5927
92200 74.57
92250 74.4903
92300 74.4975
92350 74.5053
92400 74.5163
92450 74.614
92500 74.8032
92550 74.9837
92600 75.1231
92650 75.2278
92700 75.3621
92750 75.4064
92800 75.4349
92850 75.4057
92900 75.3399
92950 75.3477
93000 75.3914
93050 75.3934
93100 75.3965
93150 75.4317
93200 75.4001
93250 75.5201
93300 75.6333
93350 75.7646
93400 75.893
93450 75.9846
93500 76.0535
93550 76.0582
93600 76.1606
93650 76.2353
93700 76.3113
93750 76.3545
93800 76.256
93850 76.1427
93900 76.2155
93950 76.2462
94000 76.2529
94050 76.2636
94100 76.2608
94150 76.4658
94200 76.6319
94250 76.8289
94300 76.9482
94350 77.0103
94400 77.0079
94450 77.0243
94500 76.9667
94550 76.8395
94600 76.6849
94650 76.6897
94700 76.6569
94750 76.573
94800 76.5913
94850 76.6439
94900 76.5776
94950 76.4674
95000 76.3301
95050 76.3733
95100 76.3999
95150 76.3048
95200 76.3481
95250 76.4171
95300 76.4083
95350 76.3688
95400 76.4709
95450 76.4187
95500 76.4195
95550 76.5855
95600 76.6893
95650 76.6641
95700 76.64
95750 76.5628
95800 76.5506
95850 76.3845
95900 76.3837
95950 76.5011
96000 76.6879
96050 76.7536
96100 76.9026
96150 77.0922
96200 77.1908
96250 77.2772
96300 77.3383
96350 77.3395
96400 77.2715
96450 77.3492
96500 77.3244
96550 77.3549
96600 77.4261
96650 77.5664
96700 77.6396
96750 77.6805
96800 77.5942
96850 77.536
96900 77.6307
96950 77.7045
97000 77.8305
97050 77.8628
97100 77.8162
97150 77.7773
97200 77.7832
97250 77.8358
97300 77.8067
97350 77.7334
97400 77.6557
97450 77.5559
97500 77.5911
97550 77.6216
97600 77.5982
97650 77.5773
97700 77.5564
97750 77.517
97800 77.5482
97850 77.5033
97900 77.3756
97950 77.2837
98000 77.2976
98050 77.3463
98100 77.4091
98150 77.5567
98200 77.6774
98250 77.6338
98300 77.5437
98350 77.5061
98400 77.5515
98450 77.606
98500 77.7197
98550 77.8571
98600 77.9621
98650 78.1348
98700 78.3294
98750 78.4673
98800 78.5488
98850 78.5956
98900 78.6641
98950 78.6976
99000 78.6436
99050 78.5801
99100 78.5558
99150 78.5633
99200 78.5276
99250 78.4435
99300 78.3992
99350 78.2647
99400 78.1925
99450 78.0667
99500 78.0447
99550 78.0168
99600 77.9842
99650 78.023
99700 78.0546
99750 78.1393
99800 78.298
99850 78.4275
99900 78.5868
99950 78.8239
100000 79.0218
