# Time-averaged data for fix msd_avg_all
# TimeStep c_msd_all[4]
0 1.31574e-28
50 0.189735
100 0.50712
150 0.797186
200 1.07137
250 1.33101
300 1.57011
350 1.8013
400 2.01659
450 2.24643
500 2.48237
550 2.71242
600 2.93873
650 3.15066
700 3.36387
750 3.60154
800 3.82121
850 4.02058
900 4.20839
950 4.40887
1000 4.58831
1050 4.74138
1100 4.87704
1150 4.99331
1200 5.12396
1250 5.27087
1300 5.4236
1350 5.56706
1400 5.71629
1450 5.85903
1500 6.02694
1550 6.20457
1600 6.36285
1650 6.50886
1700 6.64928
1750 6.73815
1800 6.84962
1850 6.95519
1900 7.07059
1950 7.18396
2000 7.2942
2050 7.41261
2100 7.52638
2150 7.66012
2200 7.76663
2250 7.90506
2300 8.03248
2350 8.14436
2400 8.25744
2450 8.36013
2500 8.42964
2550 8.52416
2600 8.62561
2650 8.69099
2700 8.73229
2750 8.78949
2800 8.88126
2850 8.9623
2900 9.04108
2950 9.12556
3000 9.18953
3050 9.26333
3100 9.33875
3150 9.4063
3200 9.44154
3250 9.4644
3300 9.51759
3350 9.61232
3400 9.73794
3450 9.82207
3500 9.91871
3550 10.0063
3600 10.1047
3650 10.2653
3700 10.3777
3750 10.4944
3800 10.6127
3850 10.7126
3900 10.8386
3950 10.9701
4000 11.0433
4050 11.1144
4100 11.2261
4150 11.323
4200 11.4199
4250 11.4682
4300 11.5287
4350 11.6285
4400 11.7165
4450 11.8367
4500 11.9218
4550 12.0276
4600 12.1534
4650 12.2991
4700 12.431
4750 12.5936
4800 12.7289
4850 12.8432
4900 12.9973
4950 13.1614
5000 13.3259
5050 13.4691
5100 13.5548
5150 13.6536
5200 13.7989
5250 13.8802
5300 13.9591
5350 14.0458
5400 14.1919
5450 14.3015
5500 14.4516
5550 14.6141
5600 14.7737
5650 14.8871
5700 14.9986
5750 15.1668
5800 15.3664
5850 15.5475
5900 15.6782
5950 15.7335
6000 15.7459
6050 15.756
6100 15.7629
6150 15.819
6200 15.8765
6250 15.9708
6300 16.0291
6350 16.1453
6400 16.2245
6450 16.2461
6500 16.3336
6550 16.4317
6600 16.5053
6650 16.5517
6700 16.6114
6750 16.6643
6800 16.7027
6850 16.725
6900 16.7752
6950 16.89
7000 17.0331
7050 17.1641
7100 17.3452
7150 17.4959
7200 17.5456
7250 17.6103
7300 17.725
7350 17.7894
7400 17.7493
7450 17.7328
7500 17.7325
7550 17.7417
7600 17.7387
7650 17.7569
7700 17.8276
7750 17.9196
7800 18.0389
7850 18.1886
7900 18.3773
7950 18.5395
8000 18.6672
8050 18.8566
8100 18.9602
8150 19.0602
8200 19.134
8250 19.1524
8300 19.2843
8350 19.4123
8400 19.5326
8450 19.6757
8500 19.8029
8550 19.8869
8600 19.9543
8650 20.0518
8700 20.14
8750 20.2359
8800 20.341
8850 20.4168
8900 20.5115
8950 20.5915
9000 20.6764
9050 20.7671
9100 20.9005
9150 21.0589
9200 21.1519
9250 21.2318
9300 21.3033
9350 21.3864
9400 21.5203
9450 21.553
9500 21.5878
9550 21.5863
9600 21.7464
9650 21.8589
9700 22.0059
9750 22.1143
9800 22.2173
9850 22.2831
9900 22.3416
9950 22.401
10000 22.4746
10050 22.5618
10100 22.6565
10150 22.6701
10200 22.7234
10250 22.8014
10300 22.8865
10350 22.9553
10400 23.0119
10450 23.098
10500 23.1677
10550 23.1913
10600 23.2513
10650 23.2537
10700 23.2823
10750 23.2806
10800 23.3162
10850 23.4025
10900 23.4726
10950 23.5485
11000 23.6068
11050 23.7194
11100 23.7951
11150 23.78
11200 23.9013
11250 24.0286
11300 24.1971
11350 24.3577
11400 24.5251
11450 24.5576
11500 24.6274
11550 24.672
11600 24.6898
11650 24.726
11700 24.806
11750 24.8349
11800 24.8433
11850 24.788
11900 24.7503
11950 24.7458
12000 24.7935
12050 24.8732
12100 24.9361
12150 24.9725
12200 25.0514
12250 25.1166
12300 25.1909
12350 25.2918
12400 25.3938
12450 25.4903
12500 25.5808
12550 25.6994
12600 25.8202
12650 25.8311
12700 25.8905
12750 25.8991
12800 25.9284
12850 26.0179
12900 26.1034
12950 26.1948
13000 26.2833
13050 26.2893
13100 26.3017
13150 26.409
13200 26.5698
13250 26.721
13300 26.8657
13350 26.9383
13400 26.9482
13450 27.011
13500 27.0392
13550 27.1073
13600 27.2129
13650 27.3263
13700 27.3558
13750 27.3662
13800 27.3929
13850 27.5162
13900 27.6645
13950 27.7904
14000 27.9482
14050 28.1108
14100 28.2012
14150 28.2595
14200 28.2866
14250 28.3515
14300 28.3861
14350 28.4272
14400 28.552
14450 28.6951
14500 28.8701
14550 29.0528
14600 29.2031
14650 29.3142
14700 29.4447
14750 29.4885
14800 29.4289
14850 29.4188
14900 29.4347
14950 29.4614
15000 29.4763
15050 29.5107
15100 29.5845
15150 29.617
15200 29.6435
15250 29.6286
15300 29.6663
15350 29.7928
15400 29.9131
15450 29.9827
15500 30.0073
15550 30.0402
15600 30.0511
15650 30.095
15700 30.2226
15750 30.3165
15800 30.4516
15850 30.5586
15900 30.711
15950 30.8712
16000 30.9536
16050 31.1053
16100 31.1556
16150 31.1417
16200 31.2033
16250 31.3195
16300 31.4417
16350 31.491
16400 31.5586
16450 31.6435
16500 31.7743
16550 31.8416
16600 31.8453
16650 31.96
16700 32.0121
16750 32.0601
16800 32.0916
16850 32.1429
16900 32.2343
16950 32.2703
17000 32.2622
17050 32.302
17100 32.2607
17150 32.3035
17200 32.4234
17250 32.5153
17300 32.5667
17350 32.6701
17400 32.7515
17450 32.8339
17500 32.9244
17550 33.0077
17600 33.0824
17650 33.1588
17700 33.3151
17750 33.4451
17800 33.6362
17850 33.8044
17900 33.8784
17950 34.0312
18000 34.1564
18050 34.2754
18100 34.3833
18150 34.4703
18200 34.5772
18250 34.7898
18300 34.8828
18350 34.9346
18400 34.9711
18450 34.9614
18500 34.9638
18550 35.0227
18600 35.0645
18650 35.1501
18700 35.127
18750 35.0968
18800 35.0808
18850 35.0887
18900 35.1332
18950 35.1398
19000 35.1158
19050 35.2252
19100 35.3064
19150 35.3665
19200 35.4527
19250 35.5101
19300 35.6951
19350 35.9046
19400 36.1121
19450 36.2934
19500 36.3977
19550 36.4975
19600 36.4448
19650 36.4487
19700 36.451
19750 36.5157
19800 36.6324
19850 36.7461
19900 36.8904
19950 36.9655
20000 37.0176
20050 37.0654
20100 37.0859
20150 37.1789
20200 37.2337
20250 37.2653
20300 37.3693
20350 37.4687
20400 37.6243
20450 37.744
20500 37.8779
20550 37.8961
20600 37.9516
20650 37.9388
20700 37.8616
20750 37.8061
20800 37.7704
20850 37.8127
20900 37.9382
20950 38.0052
21000 38.0136
21050 37.996
21100 37.9917
21150 38.0604
21200 38.1226
21250 38.1268
21300 38.0983
21350 38.1466
21400 38.1993
21450 38.2996
21500 38.3366
21550 38.3634
21600 38.4487
21650 38.5744
21700 38.6459
21750 38.7187
21800 38.8055
21850 38.8655
21900 38.8547
21950 38.9567
22000 39.0652
22050 39.1044
22100 39.1844
22150 39.2996
22200 39.3757
22250 39.5099
22300 39.6552
22350 39.7182
22400 39.727
22450 39.6898
22500 39.6877
22550 39.7414
22600 39.7736
22650 39.773
22700 39.8579
22750 39.917
22800 39.9844
22850 40.0976
22900 40.1042
22950 40.0946
23000 40.0549
23050 39.966
23100 39.8833
23150 39.7415
23200 39.6342
23250 39.499
23300 39.4778
23350 39.5074
23400 39.5619
23450 39.5498
23500 39.5925
23550 39.6706
23600 39.7687
23650 39.7819
23700 39.7959
23750 39.786
23800 39.8391
23850 39.9273
23900 39.963
23950 40.0219
24000 39.9867
24050 40.0226
24100 40.0928
24150 40.0782
24200 40.0799
24250 40.2125
24300 40.3304
24350 40.439
24400 40.5654
24450 40.6171
24500 40.5518
24550 40.5969
24600 40.6814
24650 40.8495
24700 40.9893
24750 41.0214
24800 41.011
24850 40.97
24900 41.1217
24950 41.1954
25000 41.275
25050 41.345
25100 41.4283
25150 41.569
25200 41.689
25250 41.7015
25300 41.7538
25350 41.9083
25400 42.0738
25450 42.1547
25500 42.3237
25550 42.3993
25600 42.385
25650 42.4412
25700 42.4864
25750 42.531
25800 42.6318
25850 42.6918
25900 42.737
25950 42.7859
26000 42.7125
26050 42.7212
26100 42.8487
26150 42.9767
26200 43.139
26250 43.2207
26300 43.2303
26350 43.2641
26400 43.2839
26450 43.3925
26500 43.518
26550 43.6243
26600 43.7343
26650 43.837
26700 44.0007
26750 44.136
26800 44.1977
26850 44.3162
26900 44.4161
26950 44.4365
27000 44.5302
27050 44.6287
27100 44.7374
27150 44.8464
27200 44.8743
27250 44.9217
27300 44.8819
27350 44.8111
27400 44.711
27450 44.5971
27500 44.5237
27550 44.4664
27600 44.4367
27650 44.4477
27700 44.5048
27750 44.6275
27800 44.7914
27850 44.9439
27900 45.148
27950 45.3279
28000 45.4344
28050 45.5718
28100 45.7002
28150 45.8062
28200 45.8685
28250 45.9568
28300 45.9826
28350 46.0705
28400 46.1012
28450 46.0833
28500 46.1214
28550 46.1443
28600 46.164
28650 46.1224
28700 46.0352
28750 46.0296
28800 46.0963
28850 46.1409
28900 46.0699
28950 46.032
29000 46.114
29050 46.233
29100 46.3492
29150 46.4591
29200 46.492
29250 46.5141
29300 46.5598
29350 46.5542
29400 46.6032
29450 46.6663
29500 46.7737
29550 46.8515
29600 46.9679
29650 47.0239
29700 47.0689
29750 47.1967
29800 47.3252
29850 47.4616
29900 47.5788
29950 47.6147
30000 47.6781
30050 47.7902
30100 47.8958
30150 47.984
30200 48.0356
30250 48.0734
30300 48.1115
30350 48.0237
30400 47.9531
30450 47.8851
30500 47.8655
30550 47.8528
30600 47.8937
30650 48.0283
30700 48.1221
30750 48.2334
30800 48.3131
30850 48.2941
30900 48.213
30950 48.1124
31000 48.041
31050 47.9455
31100 47.9123
31150 47.8808
31200 47.8862
31250 47.9815
31300 48.1523
31350 48.2941
31400 48.4078
31450 48.4399
31500 48.4232
31550 48.3948
31600 48.4587
31650 48.573
31700 48.6778
31750 48.9104
31800 49.0527
31850 49.2053
31900 49.3398
31950 49.4584
32000 49.4756
32050 49.4932
32100 49.4959
32150 49.5542
32200 49.6399
32250 49.747
32300 49.7895
32350 49.855
32400 49.8811
32450 49.8806
32500 49.969
32550 50.076
32600 50.205
32650 50.3246
32700 50.4598
32750 50.5477
32800 50.7048
32850 50.8718
32900 50.9592
32950 51.0307
33000 51.245
33050 51.3576
33100 51.4532
33150 51.5375
33200 51.566
33250 51.6269
33300 51.7011
33350 51.7338
33400 51.8317
33450 51.932
33500 52.0611
33550 52.1641
33600 52.3209
33650 52.6521
33700 52.9666
33750 53.2359
33800 53.3255
33850 53.3631
33900 53.3821
33950 53.4318
34000 53.4307
34050 53.5355
34100 53.5524
34150 53.5753
34200 53.612
34250 53.6958
34300 53.8293
34350 53.9753
34400 54.1321
34450 54.3824
34500 54.657
34550 54.8803
34600 54.9634
34650 55.0117
34700 54.9898
34750 55.0214
34800 55.1008
34850 55.2367
34900 55.4069
34950 55.6064
35000 55.5941
35050 55.5353
35100 55.5191
35150 55.5371
35200 55.6423
35250 55.7159
35300 55.8097
35350 55.8646
35400 55.8149
35450 55.7322
35500 55.7652
35550 55.8746
35600 55.8799
35650 55.912
35700 55.9466
35750 55.9671
35800 56.0377
35850 56.0958
35900 56.1677
35950 56.2414
36000 56.3206
36050 56.4124
36100 56.4882
36150 56.592
36200 56.5899
36250 56.5429
36300 56.491
36350 56.404
36400 56.3116
36450 56.1945
36500 56.0866
36550 56.1291
36600 56.1948
36650 56.3528
36700 56.5357
36750 56.6863
36800 56.7897
36850 56.8749
36900 56.9853
36950 57.1034
37000 57.2017
37050 57.2981
37100 57.3651
37150 57.41
37200 57.5181
37250 57.6609
37300 57.6891
37350 57.6515
37400 57.6395
37450 57.6569
37500 57.6846
37550 57.8641
37600 57.9374
37650 57.9005
37700 57.8284
37750 57.7166
37800 57.6924
37850 57.6598
37900 57.6394
37950 57.677
38000 57.6039
38050 57.4748
38100 57.4667
38150 57.5937
38200 57.6615
38250 57.6618
38300 57.7207
38350 57.8353
38400 58.0122
38450 58.1354
38500 58.215
38550 58.2401
38600 58.2638
38650 58.246
38700 58.1873
38750 58.2383
38800 58.2745
38850 58.3516
38900 58.3812
38950 58.3714
39000 58.4222
39050 58.4207
39100 58.3624
39150 58.2784
39200 58.2369
39250 58.3025
39300 58.3259
39350 58.3312
39400 58.2902
39450 58.2589
39500 58.3346
39550 58.3505
39600 58.2898
39650 58.2324
39700 58.3382
39750 58.4397
39800 58.4982
39850 58.5578
39900 58.6408
39950 58.6642
40000 58.786
40050 58.8976
40100 58.8924
40150 58.8312
40200 58.7874
40250 58.8166
40300 58.8628
40350 58.8408
40400 58.9438
40450 58.9834
40500 58.9805
40550 58.9612
40600 58.9492
40650 58.9187
40700 58.8947
40750 58.9131
40800 58.9859
40850 58.9953
40900 58.9905
40950 58.9359
41000 58.9453
41050 58.9872
41100 58.9607
41150 58.9515
41200 58.985
41250 58.9942
41300 59.0246
41350 59.0022
41400 59.059
41450 59.1743
41500 59.2997
41550 59.3217
41600 59.4018
41650 59.4715
41700 59.5398
41750 59.5079
41800 59.5216
41850 59.4744
41900 59.5456
41950 59.6561
42000 59.7314
42050 59.7657
42100 59.8686
42150 59.9059
42200 59.8577
42250 59.8125
42300 59.7066
42350 59.6357
42400 59.534
42450 59.4752
42500 59.4469
42550 59.4651
42600 59.5039
42650 59.5782
42700 59.6652
42750 59.8193
42800 59.9613
42850 60.0319
42900 60.0142
42950 60.1216
43000 60.3061
43050 60.49
43100 60.6156
43150 60.7857
43200 60.9545
43250 60.9679
43300 61.0227
43350 61.0787
43400 61.1679
43450 61.1603
43500 61.1233
43550 61.1348
43600 61.1419
43650 61.1597
43700 61.2051
43750 61.2087
43800 61.3389
43850 61.3196
43900 61.2347
43950 61.1571
44000 61.126
44050 61.1395
44100 61.2151
44150 61.2817
44200 61.2579
44250 61.2446
44300 61.2149
44350 61.2344
44400 61.3449
44450 61.4706
44500 61.4831
44550 61.4578
44600 61.4507
44650 61.4523
44700 61.4331
44750 61.3875
44800 61.324
44850 61.3924
44900 61.5857
44950 61.6911
45000 61.7732
45050 61.882
45100 62.0064
45150 62.0677
45200 62.0276
45250 61.9986
45300 61.8594
45350 61.8598
45400 61.8677
45450 61.9873
45500 61.9769
45550 61.9631
45600 61.9553
45650 61.924
45700 61.9436
45750 62.1265
45800 62.2784
45850 62.4138
45900 62.5998
45950 62.7575
46000 62.8212
46050 62.8431
46100 62.8361
46150 62.85
46200 62.9094
46250 62.9224
46300 63.0277
46350 63.181
46400 63.3147
46450 63.2993
46500 63.2744
46550 63.3103
46600 63.349
46650 63.2973
46700 63.2127
46750 63.1215
46800 63.1226
46850 63.1756
46900 63.3668
46950 63.4036
47000 63.4186
47050 63.324
47100 63.2252
47150 63.3283
47200 63.484
47250 63.681
47300 63.832
47350 63.8427
47400 63.8934
47450 63.9319
47500 64.0051
47550 64.1557
47600 64.2041
47650 64.1899
47700 64.1021
47750 64.1024
47800 64.1966
47850 64.3057
47900 64.4374
47950 64.562
48000 64.7451
48050 64.818
48100 64.8982
48150 65.0312
48200 65.2101
48250 65.2948
48300 65.323
48350 65.3409
48400 65.2765
48450 65.2012
48500 65.1679
48550 65.2603
48600 65.3856
48650 65.4602
48700 65.5504
48750 65.626
48800 65.7343
48850 65.786
48900 65.8288
48950 65.7681
49000 65.6724
49050 65.5991
49100 65.6611
49150 65.6784
49200 65.7068
49250 65.8451
49300 65.9842
49350 66.1128
49400 66.257
49450 66.3659
49500 66.4856
49550 66.6651
49600 66.7584
49650 66.8708
49700 67.0022
49750 67.1323
49800 67.1724
49850 67.1307
49900 67.147
49950 67.3076
50000 67.4978
50050 67.6628
50100 67.7191
50150 67.8014
50200 67.8759
50250 67.8755
50300 67.9141
50350 67.9911
50400 67.899
50450 67.8272
50500 67.8316
50550 67.8933
50600 67.9336
50650 68.0406
50700 68.1915
50750 68.3786
50800 68.5818
50850 68.8011
50900 68.9943
50950 69.1602
51000 69.3828
51050 69.5288
51100 69.6596
51150 69.8354
51200 69.9572
51250 70.0297
51300 70.0454
51350 70.1497
51400 70.2572
51450 70.3021
51500 70.2624
51550 70.1764
51600 70.127
51650 70.0291
51700 70.0457
51750 70.1787
51800 70.3142
51850 70.4289
51900 70.408
51950 70.3131
52000 70.2688
52050 70.2552
52100 70.3137
52150 70.3257
52200 70.3727
52250 70.4672
52300 70.5359
52350 70.5726
52400 70.5581
52450 70.5954
52500 70.614
52550 70.6949
52600 70.8197
52650 70.8857
52700 70.9401
52750 71.0137
52800 71.2246
52850 71.4511
52900 71.5888
52950 71.6334
53000 71.5022
53050 71.5083
53100 71.4652
53150 71.3644
53200 71.3405
53250 71.3612
53300 71.466
53350 71.6517
53400 71.7471
53450 71.7936
53500 71.8657
53550 71.8534
53600 71.892
53650 71.8642
53700 71.8311
53750 71.9653
53800 72.1336
53850 72.2721
53900 72.4758
53950 72.7923
54000 73.0711
54050 73.1932
54100 73.3321
54150 73.4979
54200 73.6909
54250 73.7585
54300 73.7098
54350 73.6673
54400 73.8
54450 73.9523
54500 74.2775
54550 74.4321
54600 74.3918
54650 74.5083
54700 74.6991
54750 74.9453
54800 75.1188
54850 75.2831
54900 75.4307
54950 75.6467
55000 75.8043
55050 76.1027
55100 76.4417
55150 76.5875
55200 76.805
55250 76.9068
55300 77.1026
55350 77.2871
55400 77.393
55450 77.4658
55500 77.3862
55550 77.3965
55600 77.4992
55650 77.583
55700 77.6824
55750 77.6662
55800 77.6356
55850 77.5543
55900 77.6424
55950 77.641
56000 77.7599
56050 77.9036
56100 78.0078
56150 77.9098
56200 77.8144
56250 77.8325
56300 77.9874
56350 78.1534
56400 78.2052
56450 78.2585
56500 78.3575
56550 78.4387
56600 78.5576
56650 78.6333
56700 78.7455
56750 78.8893
56800 78.9369
56850 79.0815
56900 79.3487
56950 79.438
57000 79.4117
57050 79.4565
57100 79.4768
57150 79.4751
57200 79.4907
57250 79.4529
57300 79.3945
57350 79.3081
57400 79.3901
57450 79.4235
57500 79.4278
57550 79.6114
57600 79.7673
57650 79.813
57700 79.8629
57750 79.7651
57800 79.8254
57850 79.9956
57900 80.1538
57950 80.3291
58000 80.5674
58050 80.8891
58100 81.1424
58150 81.2588
58200 81.2878
58250 81.3158
58300 81.3761
58350 81.4064
58400 81.3778
58450 81.4466
58500 81.5267
58550 81.6607
58600 81.8178
58650 81.9357
58700 82.0185
58750 82.1321
58800 82.1355
58850 82.1701
58900 82.1985
58950 82.1926
59000 82.0746
59050 82.0137
59100 81.9744
59150 81.9449
59200 82.0062
59250 82.1814
59300 82.2075
59350 82.3042
59400 82.3195
59450 82.1835
59500 82.0159
59550 81.8392
59600 81.7525
59650 81.7562
59700 81.7664
59750 81.8384
59800 81.8082
59850 81.5733
59900 81.4112
59950 81.1736
60000 81.0883
60050 81.0009
60100 81.0982
60150 81.1596
60200 81.179
60250 81.2857
60300 81.3651
60350 81.4124
60400 81.5161
60450 81.5323
60500 81.6012
60550 81.7049
60600 81.8082
60650 81.8023
60700 81.8583
60750 82.0452
60800 82.0711
60850 81.9796
60900 81.8585
60950 81.8104
61000 81.8531
61050 82.0548
61100 82.0784
61150 81.9888
61200 81.7452
61250 81.5621
61300 81.5158
61350 81.5129
61400 81.6088
61450 81.828
61500 81.9537
61550 82.0107
61600 81.8959
61650 81.8506
61700 81.8512
61750 81.8797
61800 81.889
61850 81.8512
61900 81.8936
61950 81.9032
62000 81.8626
62050 81.7987
62100 81.7487
62150 81.7423
62200 81.7038
62250 81.6796
62300 81.7167
62350 81.7894
62400 81.8998
62450 81.8511
62500 81.9822
62550 82.1563
62600 82.2602
62650 82.2326
62700 82.2536
62750 82.4347
62800 82.6133
62850 82.8026
62900 82.9583
62950 83.1862
63000 83.2775
63050 83.3409
63100 83.4014
63150 83.4315
63200 83.3717
63250 83.472
63300 83.658
63350 83.7678
63400 84.001
63450 84.1354
63500 83.9351
63550 83.866
63600 83.9649
63650 84.0762
63700 84.205
63750 84.1945
63800 84.246
63850 84.4294
63900 84.4653
63950 84.5576
64000 84.8115
64050 85.1315
64100 85.5006
64150 85.6521
64200 85.6864
64250 85.8037
64300 85.7486
64350 85.7363
64400 85.8595
64450 86.125
64500 86.3123
64550 86.4308
64600 86.5136
64650 86.5633
64700 86.718
64750 86.8331
64800 86.949
64850 86.9374
64900 87.0112
64950 87.1376
65000 87.2928
65050 87.4204
65100 87.4103
65150 87.321
65200 87.2464
65250 87.1756
65300 87.0714
65350 87.0886
65400 87.2268
65450 87.2927
65500 87.3317
65550 87.2388
65600 87.1066
65650 87.0924
65700 87.0842
65750 87.143
65800 87.1771
65850 87.1857
65900 87.1242
65950 87.0793
66000 87.1143
66050 87.1127
66100 87.3105
66150 87.4527
66200 87.6232
66250 87.8386
66300 88.0599
66350 88.4032
66400 88.6747
66450 88.7917
66500 88.8925
66550 88.8847
66600 88.876
66650 89.0409
66700 89.2276
66750 89.3432
66800 89.512
66850 89.7924
66900 90.0756
66950 90.3226
67000 90.5909
67050 90.7448
67100 90.8858
67150 91.0063
67200 91.0863
67250 91.227
67300 91.4059
67350 91.4823
67400 91.5432
67450 91.4663
67500 91.424
67550 91.4571
67600 91.5265
67650 91.5712
67700 91.4947
67750 91.3598
67800 91.2793
67850 91.2457
67900 91.1446
67950 91.1379
68000 91.2112
68050 91.3193
68100 91.5199
68150 91.6472
68200 91.7373
68250 91.8059
68300 91.7656
68350 91.7101
68400 91.6583
68450 91.7088
68500 91.7715
68550 91.5815
68600 91.5423
68650 91.5939
68700 91.5602
68750 91.4078
68800 91.4016
68850 91.3804
68900 91.3825
68950 91.5002
69000 91.6212
69050 91.7632
69100 91.7782
69150 91.7577
69200 91.6793
69250 91.6663
69300 91.5825
69350 91.5651
69400 91.6439
69450 91.8992
69500 92.0004
69550 92.0024
69600 92.0197
69650 91.985
69700 92.0777
69750 92.2501
69800 92.3719
69850 92.5133
69900 92.6231
69950 92.7785
70000 92.9813
70050 93.1126
70100 93.2322
70150 93.5031
70200 93.6239
70250 93.7265
70300 93.8646
70350 94.0002
70400 94.1864
70450 94.4093
70500 94.5354
70550 94.6085
70600 94.7164
70650 94.7286
70700 94.6406
70750 94.7297
70800 94.79
70850 94.8497
70900 94.7985
70950 94.8333
71000 94.8481
71050 94.8278
71100 94.889
71150 94.9646
71200 95.0268
71250 95.0081
71300 95.1275
71350 95.1547
71400 95.2365
71450 95.1498
71500 95.1815
71550 95.068
71600 94.9082
71650 94.8951
71700 95.0096
71750 95.042
71800 95.1177
71850 95.1997
71900 95.1968
71950 95.2387
72000 95.3108
72050 95.3361
72100 95.4882
72150 95.7363
72200 95.8044
72250 95.8171
72300 95.7917
72350 95.7474
72400 95.7152
72450 95.7939
72500 95.9656
72550 96.1239
72600 96.1505
72650 96.3662
72700 96.4327
72750 96.4817
72800 96.6389
72850 96.7491
72900 96.809
72950 96.9053
73000 97.0629
73050 97.1385
73100 97.0962
73150 96.9266
73200 96.9266
73250 96.9363
73300 97.0001
73350 97.2239
73400 97.462
73450 97.7565
73500 97.8928
73550 98.0273
73600 98.1806
73650 98.3224
73700 98.5217
73750 98.682
73800 98.7331
73850 98.6026
73900 98.5397
73950 98.5862
74000 98.5345
74050 98.4882
74100 98.3188
74150 98.1272
74200 98.1591
74250 98.2198
74300 98.2274
74350 98.2132
74400 98.2254
74450 98.152
74500 98.1009
74550 98.0739
74600 98.1764
74650 98.2369
74700 98.2054
74750 98.1621
74800 98.1152
74850 98.1049
74900 98.1887
74950 98.2028
75000 98.1192
75050 97.9297
75100 97.7339
75150 97.7061
75200 97.6646
75250 97.7453
75300 97.8411
75350 97.8047
75400 97.695
75450 97.6277
75500 97.5504
75550 97.4714
75600 97.5578
75650 97.4049
75700 97.3449
75750 97.1994
75800 97.2395
75850 97.3305
75900 97.356
75950 97.3972
76000 97.4512
76050 97.6327
76100 97.8096
76150 97.8238
76200 97.8841
76250 97.9855
76300 97.8787
76350 97.8255
76400 97.8056
76450 97.7809
76500 97.74
76550 97.7125
76600 97.791
76650 97.9214
76700 98.1157
76750 98.199
76800 98.228
76850 98.2234
76900 98.12
76950 98.043
77000 98.0463
77050 98.0121
77100 98.064
77150 98.1454
77200 98.0993
77250 98.195
77300 98.318
77350 98.4641
77400 98.6881
77450 98.8182
77500 98.7913
77550 98.6384
77600 98.6665
77650 98.806
77700 98.9434
77750 99.0667
77800 99.0566
77850 98.9521
77900 98.8948
77950 98.9493
78000 98.9228
78050 98.9667
78100 99.0368
78150 99.0635
78200 99.128
78250 99.2545
78300 99.3084
78350 99.3388
78400 99.353
78450 99.5185
78500 99.6058
78550 99.6459
78600 99.6787
78650 99.7133
78700 99.7732
78750 99.801
78800 100.059
78850 100.221
78900 100.341
78950 100.489
79000 100.659
79050 100.74
79100 100.77
79150 100.754
79200 100.752
79250 100.845
79300 100.95
79350 100.957
79400 100.904
79450 100.832
79500 100.811
79550 100.857
79600 100.976
79650 101.037
79700 101.131
79750 101.109
79800 101.121
79850 101.194
79900 101.253
79950 101.066
80000 100.968
80050 101.07
80100 101.185
80150 101.286
80200 101.384
80250 101.496
80300 101.677
80350 101.709
80400 101.73
80450 101.904
80500 101.98
80550 101.987
80600 101.892
80650 101.888
80700 102.043
80750 102.079
80800 102.158
80850 102.223
80900 102.322
80950 102.362
81000 102.411
81050 102.479
81100 102.469
81150 102.423
81200 102.462
81250 102.586
81300 102.616
81350 102.748
81400 102.842
81450 102.769
81500 102.478
81550 102.385
81600 102.354
81650 102.347
81700 102.373
81750 102.517
81800 102.738
81850 102.927
81900 103.174
81950 103.252
82000 103.239
82050 103.342
82100 103.344
82150 103.293
82200 103.17
82250 103.071
82300 103.133
82350 103.254
82400 103.492
82450 103.466
82500 103.468
82550 103.556
82600 103.476
82650 103.378
82700 103.358
82750 103.302
82800 103.204
82850 103.065
82900 103.068
82950 103.084
83000 103.162
83050 103.195
83100 103.279
83150 103.411
83200 103.4
83250 103.231
83300 103.159
83350 103.003
83400 102.921
83450 102.844
83500 102.928
83550 102.886
83600 102.769
83650 102.663
83700 102.526
83750 102.325
83800 102.282
83850 102.196
83900 101.986
83950 101.869
84000 101.842
84050 101.92
84100 102.106
84150 102.293
84200 102.486
84250 102.707
84300 102.822
84350 102.949
84400 103.124
84450 103.385
84500 103.467
84550 103.555
84600 103.609
84650 103.757
84700 103.838
84750 103.861
84800 103.873
84850 103.949
84900 104.045
84950 104.235
85000 104.419
85050 104.688
85100 104.725
85150 104.802
85200 104.963
85250 105.033
85300 105.01
85350 104.958
85400 105.13
85450 105.199
85500 105.34
85550 105.472
85600 105.601
85650 105.688
85700 105.724
85750 105.789
85800 105.907
85850 105.825
85900 105.848
85950 105.896
86000 105.953
86050 105.937
86100 105.841
86150 105.716
86200 105.752
86250 105.725
86300 105.798
86350 105.86
86400 105.882
86450 105.873
86500 105.903
86550 105.915
86600 105.848
86650 105.815
86700 105.912
86750 106.07
86800 106.313
86850 106.566
86900 106.653
86950 106.841
87000 106.98
87050 107.157
87100 107.252
87150 107.387
87200 107.536
87250 107.784
87300 107.855
87350 107.763
87400 107.724
87450 107.718
87500 107.711
87550 107.623
87600 107.556
87650 107.517
87700 107.617
87750 107.647
87800 107.763
87850 107.841
87900 107.951
87950 108.136
88000 108.356
88050 108.257
88100 108.219
88150 108.142
88200 108.024
88250 108.052
88300 108.131
88350 108.223
88400 108.343
88450 108.452
88500 108.62
88550 108.707
88600 108.692
88650 108.529
88700 108.551
88750 108.533
88800 108.431
88850 108.405
88900 108.541
88950 108.616
89000 108.492
89050 108.47
89100 108.368
89150 108.248
89200 108.194
89250 108.213
89300 108.346
89350 108.444
89400 108.549
89450 108.722
89500 109.01
89550 109.367
89600 109.503
89650 109.519
89700 109.552
89750 109.655
89800 109.783
89850 109.921
89900 109.948
89950 110.001
90000 110.057
90050 109.978
90100 109.98
90150 110.058
90200 110.19
90250 110.303
90300 110.386
90350 110.499
90400 110.65
90450 110.739
90500 110.768
90550 110.9
90600 111.098
90650 111.299
90700 111.488
90750 111.717
90800 112.074
90850 112.32
90900 112.533
90950 112.708
91000 112.824
91050 112.974
91100 113.083
91150 113.23
91200 113.356
91250 113.318
91300 113.318
91350 113.374
91400 113.426
91450 113.384
91500 113.26
91550 113.285
91600 113.377
91650 113.308
91700 113.092
91750 113.018
91800 113.096
91850 113.04
91900 112.969
91950 112.797
92000 112.596
92050 112.627
92100 112.801
92150 113.059
92200 113.208
92250 113.244
92300 113.193
92350 113.158
92400 113.247
92450 113.331
92500 113.426
92550 113.387
92600 113.556
92650 113.677
92700 113.699
92750 113.615
92800 113.771
92850 113.978
92900 114.097
92950 114.131
93000 114.273
93050 114.553
93100 114.777
93150 115.095
93200 115.379
93250 115.42
93300 115.475
93350 115.53
93400 115.449
93450 115.411
93500 115.298
93550 115.396
93600 115.56
93650 115.802
93700 115.927
93750 116.053
93800 116.157
93850 116.3
93900 116.49
93950 116.67
94000 116.869
94050 117.015
94100 117.074
94150 117.118
94200 117.037
94250 116.942
94300 116.918
94350 116.834
94400 116.828
94450 116.956
94500 117.104
94550 117.223
94600 117.466
94650 117.671
94700 117.728
94750 117.687
94800 117.625
94850 117.639
94900 117.729
94950 117.805
95000 117.972
95050 118.022
95100 118.123
95150 118.241
95200 118.266
95250 118.251
95300 118.125
95350 118.066
95400 117.882
95450 117.566
95500 117.321
95550 117.165
95600 116.894
95650 116.736
95700 116.626
95750 116.431
95800 116.313
95850 116.207
95900 116.272
95950 116.133
96000 116.122
96050 115.908
96100 115.675
96150 115.696
96200 115.756
96250 115.69
96300 115.667
96350 115.565
96400 115.562
96450 115.849
96500 115.883
96550 115.87
96600 115.859
96650 115.717
96700 115.709
96750 115.717
96800 115.858
96850 116.118
96900 116.32
96950 116.307
97000 116.35
97050 116.443
97100 116.541
97150 116.613
97200 116.684
97250 116.703
97300 116.741
97350 116.945
97400 117.049
97450 117.042
97500 116.95
97550 116.978
97600 117.068
97650 117.121
97700 117.288
97750 117.4
97800 117.489
97850 117.531
97900 117.562
97950 117.743
98000 117.925
98050 118.232
98100 118.542
98150 118.832
98200 118.923
98250 119.142
98300 119.283
98350 119.349
98400 119.369
98450 119.359
98500 119.511
98550 119.665
98600 119.802
98650 119.772
98700 119.738
98750 119.698
98800 119.803
98850 119.708
98900 119.745
98950 119.723
99000 119.495
99050 119.376
99100 119.331
99150 119.258
99200 119.225
99250 119.088
99300 119.019
99350 119.004
99400 119.032
99450 119.004
99500 118.998
99550 119.231
99600 119.278
99650 119.115
99700 119.074
99750 119.187
99800 119.275
99850 119.293
99900 119.254
99950 119.128
100000 118.987
