# Time-averaged data for fix msd_avg_all
# TimeStep c_msd_all[4]
0 4.46197e-29
50 0.191912
100 0.503899
150 0.801411
200 1.07989
250 1.34424
300 1.59024
350 1.83505
400 2.07007
450 2.30943
500 2.53969
550 2.75055
600 2.9591
650 3.14832
700 3.33653
750 3.5339
800 3.69112
850 3.85007
900 3.99625
950 4.15401
1000 4.31832
1050 4.489
1100 4.66272
1150 4.8355
1200 4.96195
1250 5.1279
1300 5.31174
1350 5.47145
1400 5.61819
1450 5.79109
1500 5.92788
1550 6.05387
1600 6.18451
1650 6.32097
1700 6.4364
1750 6.54913
1800 6.68121
1850 6.81065
1900 6.93301
1950 7.07338
2000 7.16069
2050 7.23245
2100 7.32214
2150 7.40526
2200 7.51931
2250 7.64438
2300 7.77827
2350 7.92598
2400 8.05995
2450 8.22805
2500 8.38875
2550 8.50526
2600 8.59051
2650 8.67445
2700 8.78236
2750 8.86758
2800 8.95475
2850 9.04355
2900 9.12169
2950 9.1874
3000 9.30157
3050 9.42242
3100 9.54115
3150 9.70194
3200 9.86285
3250 10.0377
3300 10.1907
3350 10.3257
3400 10.461
3450 10.5991
3500 10.7189
3550 10.8443
3600 10.97
3650 11.1338
3700 11.3285
3750 11.472
3800 11.5674
3850 11.7068
3900 11.769
3950 11.8047
4000 11.86
4050 11.89
4100 11.9122
4150 11.9662
4200 12.024
4250 12.0649
4300 12.1087
4350 12.1656
4400 12.2637
4450 12.3621
4500 12.4861
4550 12.6359
4600 12.7807
4650 12.9168
4700 12.9709
4750 13.0097
4800 13.0283
4850 13.041
4900 13.0803
4950 13.1318
5000 13.21
5050 13.2559
5100 13.3194
5150 13.3311
5200 13.3564
5250 13.4657
5300 13.5495
5350 13.6155
5400 13.6457
5450 13.7363
5500 13.7863
5550 13.8719
5600 13.9973
5650 14.1412
5700 14.2559
5750 14.3509
5800 14.4437
5850 14.5025
5900 14.606
5950 14.7232
6000 14.8664
6050 14.9925
6100 15.0797
6150 15.1245
6200 15.1503
6250 15.1973
6300 15.2269
6350 15.2515
6400 15.3203
6450 15.3567
6500 15.3966
6550 15.4442
6600 15.5021
6650 15.5982
6700 15.6621
6750 15.7098
6800 15.7123
6850 15.694
6900 15.7524
6950 15.7957
7000 15.9283
7050 16.0265
7100 16.0879
7150 16.1362
7200 16.193
7250 16.2402
7300 16.3192
7350 16.3905
7400 16.498
7450 16.5534
7500 16.6179
7550 16.7371
7600 16.8217
7650 16.8877
7700 16.9611
7750 17.0473
7800 17.0796
7850 17.1107
7900 17.1514
7950 17.204
8000 17.2602
8050 17.3075
8100 17.2927
8150 17.2729
8200 17.2826
8250 17.3136
8300 17.344
8350 17.3662
8400 17.4109
8450 17.4962
8500 17.5795
8550 17.6858
8600 17.7578
8650 17.8388
8700 17.9178
8750 17.982
8800 18.0439
8850 18.1325
8900 18.2677
8950 18.4461
9000 18.5588
9050 18.6758
9100 18.7977
9150 18.9476
9200 19.0662
9250 19.1884
9300 19.2713
9350 19.3791
9400 19.46
9450 19.571
9500 19.6548
9550 19.7162
9600 19.7688
9650 19.7792
9700 19.7731
9750 19.7837
9800 19.9082
9850 20.0914
9900 20.2843
9950 20.3849
10000 20.4937
10050 20.6246
10100 20.676
10150 20.7153
10200 20.7541
10250 20.7903
10300 20.8495
10350 20.8605
10400 20.8631
10450 20.8344
10500 20.8241
10550 20.8262
10600 20.9693
10650 21.052
10700 21.199
10750 21.3464
10800 21.4018
10850 21.5039
10900 21.6131
10950 21.6882
11000 21.7822
11050 21.8954
11100 21.9658
11150 22.0031
11200 22.0251
11250 22.014
11300 21.9753
11350 22.0028
11400 22.0591
11450 22.1655
11500 22.2588
11550 22.3316
11600 22.494
11650 22.6345
11700 22.7451
11750 22.7815
11800 22.8216
11850 22.9353
11900 23.1097
11950 23.2838
12000 23.4303
12050 23.5363
12100 23.6373
12150 23.741
12200 23.792
12250 23.882
12300 23.9739
12350 24.0964
12400 24.1841
12450 24.2528
12500 24.3313
12550 24.4009
12600 24.5033
12650 24.5889
12700 24.6361
12750 24.6743
12800 24.6623
12850 24.5918
12900 24.6073
12950 24.6419
13000 24.654
13050 24.6213
13100 24.6153
13150 24.6368
13200 24.7395
13250 24.7835
13300 24.7924
13350 24.8865
13400 24.989
13450 25.0834
13500 25.1851
13550 25.2366
13600 25.3269
13650 25.4089
13700 25.4901
13750 25.5396
13800 25.5884
13850 25.675
13900 25.746
13950 25.7756
14000 25.8176
14050 25.7976
14100 25.8472
14150 25.9778
14200 26.1196
14250 26.2095
14300 26.3816
14350 26.5316
14400 26.7098
14450 26.806
14500 26.898
14550 27.0704
14600 27.1625
14650 27.2354
14700 27.2894
14750 27.3304
14800 27.34
14850 27.3789
14900 27.3744
14950 27.3478
15000 27.3725
15050 27.3547
15100 27.3171
15150 27.2224
15200 27.1479
15250 27.0988
15300 27.0892
15350 27.08
15400 27.107
15450 27.0711
15500 27.0914
15550 27.1673
15600 27.2587
15650 27.3298
15700 27.2749
15750 27.2563
15800 27.3051
15850 27.2792
15900 27.2623
15950 27.2657
16000 27.3091
16050 27.328
16100 27.4409
16150 27.5337
16200 27.6767
16250 27.8424
16300 27.9511
16350 27.9881
16400 28.0249
16450 28.0331
16500 28.1308
16550 28.2025
16600 28.2279
16650 28.2828
16700 28.3686
16750 28.4295
16800 28.4497
16850 28.4296
16900 28.3394
16950 28.3201
17000 28.3456
17050 28.3452
17100 28.339
17150 28.3815
17200 28.4003
17250 28.4084
17300 28.4077
17350 28.4177
17400 28.518
17450 28.6015
17500 28.625
17550 28.6724
17600 28.7374
17650 28.7672
17700 28.8166
17750 28.919
17800 28.9868
17850 29.0033
17900 29.066
17950 29.1161
18000 29.1759
18050 29.2227
18100 29.2569
18150 29.2383
18200 29.1827
18250 29.1657
18300 29.1767
18350 29.2562
18400 29.3836
18450 29.5288
18500 29.6015
18550 29.6545
18600 29.6766
18650 29.701
18700 29.7469
18750 29.8602
18800 29.985
18850 30.1054
18900 30.2883
18950 30.5059
19000 30.6889
19050 30.8381
19100 30.9897
19150 31.1554
19200 31.2561
19250 31.3697
19300 31.46
19350 31.548
19400 31.6066
19450 31.7228
19500 31.8251
19550 31.7962
19600 31.8107
19650 31.9122
19700 32.0744
19750 32.1772
19800 32.2067
19850 32.2159
19900 32.2111
19950 32.2706
20000 32.3162
20050 32.4024
20100 32.4839
20150 32.5915
20200 32.6463
20250 32.7098
20300 32.7538
20350 32.7605
20400 32.7919
20450 32.8264
20500 32.872
20550 32.9745
20600 33.018
20650 33.0473
20700 33.1207
20750 33.211
20800 33.4057
20850 33.5442
20900 33.6735
20950 33.7674
21000 33.8289
21050 33.8321
21100 33.8423
21150 33.9366
21200 33.9915
21250 34.0924
21300 34.2073
21350 34.2315
21400 34.1854
21450 34.1453
21500 34.0879
21550 34.0688
21600 34.1216
21650 34.2193
21700 34.3018
21750 34.4103
21800 34.4513
21850 34.3926
21900 34.3113
21950 34.2832
22000 34.2846
22050 34.3335
22100 34.3263
22150 34.3618
22200 34.3703
22250 34.3942
22300 34.4111
22350 34.5102
22400 34.6061
22450 34.6836
22500 34.7424
22550 34.8019
22600 34.8631
22650 35.0141
22700 35.2031
22750 35.3264
22800 35.4019
22850 35.5447
22900 35.6284
22950 35.6821
23000 35.7675
23050 35.8683
23100 35.9056
23150 35.8333
23200 35.7436
23250 35.6962
23300 35.6556
23350 35.638
23400 35.6987
23450 35.7374
23500 35.7756
23550 35.8029
23600 35.8674
23650 35.9187
23700 35.9607
23750 35.9212
23800 35.8583
23850 35.7562
23900 35.6572
23950 35.5602
24000 35.5311
24050 35.4925
24100 35.524
24150 35.5359
24200 35.5308
24250 35.4402
24300 35.4812
24350 35.672
24400 35.7612
24450 35.8894
24500 36.0098
24550 36.1544
24600 36.2838
24650 36.4145
24700 36.5355
24750 36.7035
24800 36.8677
24850 37.0552
24900 37.1529
24950 37.3382
25000 37.5181
25050 37.6576
25100 37.7325
25150 37.8212
25200 37.9316
25250 38.0337
25300 38.1574
25350 38.2568
25400 38.3443
25450 38.2789
25500 38.1953
25550 38.2021
25600 38.1811
25650 38.2087
25700 38.2411
25750 38.2588
25800 38.194
25850 38.1047
25900 38.131
25950 38.2039
26000 38.2051
26050 38.1647
26100 38.2221
26150 38.3038
26200 38.3117
26250 38.357
26300 38.3878
26350 38.4488
26400 38.507
26450 38.5877
26500 38.6217
26550 38.693
26600 38.7889
26650 38.874
26700 39.0678
26750 39.2
26800 39.3465
26850 39.4214
26900 39.5541
26950 39.7142
27000 39.8805
27050 40.0265
27100 40.1366
27150 40.2347
27200 40.3167
27250 40.3918
27300 40.4904
27350 40.5871
27400 40.6377
27450 40.6756
27500 40.7132
27550 40.8132
27600 40.9234
27650 41.0726
27700 41.2158
27750 41.3076
27800 41.3545
27850 41.4291
27900 41.446
27950 41.4864
28000 41.5714
28050 41.8012
28100 42.028
28150 42.1613
28200 42.2801
28250 42.4009
28300 42.5457
28350 42.751
28400 42.8066
28450 42.8331
28500 42.861
28550 42.9205
28600 42.9675
28650 43.0759
28700 43.0762
28750 43.0977
28800 43.1723
28850 43.286
28900 43.3718
28950 43.4757
29000 43.5896
29050 43.7303
29100 43.8956
29150 44.0996
29200 44.2086
29250 44.3272
29300 44.448
29350 44.5687
29400 44.6275
29450 44.6414
29500 44.7059
29550 44.8214
29600 44.9004
29650 44.9197
29700 44.876
29750 44.9251
29800 44.8367
29850 44.7641
29900 44.652
29950 44.5939
30000 44.6983
30050 44.7673
30100 44.7621
30150 44.6773
30200 44.6109
30250 44.5843
30300 44.6057
30350 44.6357
30400 44.7234
30450 44.7974
30500 44.8027
30550 44.6833
30600 44.6404
30650 44.7077
30700 44.8188
30750 44.9686
30800 45.0129
30850 45.0499
30900 45.1433
30950 45.3486
31000 45.5383
31050 45.5179
31100 45.4924
31150 45.4883
31200 45.4864
31250 45.5312
31300 45.5455
31350 45.5877
31400 45.7069
31450 45.8459
31500 45.8786
31550 45.8391
31600 45.9034
31650 45.9884
31700 46.0859
31750 46.1629
31800 46.3156
31850 46.3944
31900 46.4824
31950 46.5715
32000 46.6027
32050 46.673
32100 46.7119
32150 46.702
32200 46.7083
32250 46.6733
32300 46.6046
32350 46.5635
32400 46.4679
32450 46.4081
32500 46.3205
32550 46.2484
32600 46.2329
32650 46.2454
32700 46.1962
32750 46.1077
32800 45.988
32850 46.0041
32900 46.0703
32950 46.1654
33000 46.2985
33050 46.4449
33100 46.549
33150 46.6202
33200 46.6906
33250 46.7293
33300 46.6714
33350 46.6159
33400 46.6791
33450 46.8291
33500 46.9385
33550 47.075
33600 47.1658
33650 47.2082
33700 47.1578
33750 47.0717
33800 46.9758
33850 46.8291
33900 46.7
33950 46.5337
34000 46.408
34050 46.416
34100 46.4885
34150 46.596
34200 46.6894
34250 46.8066
34300 46.9478
34350 47.1814
34400 47.4067
34450 47.606
34500 47.6649
34550 47.6208
34600 47.7085
34650 47.85
34700 47.9314
34750 48.0157
34800 48.1621
34850 48.2547
34900 48.2956
34950 48.3141
35000 48.401
35050 48.4841
35100 48.457
35150 48.4923
35200 48.4209
35250 48.2701
35300 48.2397
35350 48.2194
35400 48.2507
35450 48.3593
35500 48.4665
35550 48.4914
35600 48.451
35650 48.4713
35700 48.4967
35750 48.456
35800 48.541
35850 48.5518
35900 48.5333
35950 48.5573
36000 48.6473
36050 48.7999
36100 48.9413
36150 49.0755
36200 49.271
36250 49.4363
36300 49.509
36350 49.4954
36400 49.4976
36450 49.4834
36500 49.4426
36550 49.4839
36600 49.498
36650 49.521
36700 49.5441
36750 49.5453
36800 49.5186
36850 49.4431
36900 49.3651
36950 49.3368
37000 49.3087
37050 49.3397
37100 49.2784
37150 49.2669
37200 49.4297
37250 49.5161
37300 49.4874
37350 49.2897
37400 49.1529
37450 49.1013
37500 49.0594
37550 49.0244
37600 49.0253
37650 49.0286
37700 49.073
37750 49.1023
37800 49.1403
37850 49.2617
37900 49.4157
37950 49.6018
38000 49.8077
38050 49.9727
38100 50.1728
38150 50.3773
38200 50.528
38250 50.6665
38300 50.8034
38350 50.9489
38400 51.0655
38450 51.1048
38500 51.1828
38550 51.2615
38600 51.4455
38650 51.6235
38700 51.7056
38750 51.7383
38800 51.8576
38850 51.9486
38900 52.1544
38950 52.2424
39000 52.2984
39050 52.2656
39100 52.2347
39150 52.3029
39200 52.5493
39250 52.8149
39300 53.0286
39350 53.2648
39400 53.54
39450 53.6977
39500 53.8023
39550 53.9092
39600 54.0657
39650 54.1156
39700 54.2049
39750 54.2606
39800 54.3442
39850 54.4424
39900 54.4846
39950 54.5509
40000 54.6198
40050 54.6354
40100 54.6171
40150 54.5568
40200 54.505
40250 54.57
40300 54.6784
40350 54.8458
40400 54.9523
40450 55.0608
40500 55.2291
40550 55.4581
40600 55.5919
40650 55.7581
40700 55.9585
40750 56.1154
40800 56.176
40850 56.2665
40900 56.2721
40950 56.2736
41000 56.3265
41050 56.321
41100 56.2596
41150 56.0449
41200 55.927
41250 55.851
41300 55.7132
41350 55.6671
41400 55.7262
41450 55.7215
41500 55.7568
41550 55.7689
41600 55.69
41650 55.636
41700 55.6048
41750 55.6549
41800 55.7008
41850 55.6602
41900 55.6213
41950 55.603
42000 55.5536
42050 55.5137
42100 55.4977
42150 55.448
42200 55.3587
42250 55.3272
42300 55.2781
42350 55.2417
42400 55.3099
42450 55.3985
42500 55.5103
42550 55.6916
42600 55.8945
42650 55.9889
42700 55.9571
42750 55.9079
42800 55.8237
42850 55.7603
42900 55.68
42950 55.5743
43000 55.4764
43050 55.3337
43100 55.2782
43150 55.2067
43200 55.1678
43250 55.1574
43300 55.1978
43350 55.2383
43400 55.2081
43450 55.195
43500 55.228
43550 55.1982
43600 55.2737
43650 55.346
43700 55.4404
43750 55.5362
43800 55.4882
43850 55.4708
43900 55.5322
43950 55.5654
44000 55.5312
44050 55.4305
44100 55.3654
44150 55.3674
44200 55.3852
44250 55.3863
44300 55.4324
44350 55.5197
44400 55.6043
44450 55.6387
44500 55.6129
44550 55.6358
44600 55.728
44650 55.8209
44700 55.8142
44750 55.8477
44800 55.9
44850 56.0295
44900 55.9675
44950 55.9508
45000 56.0416
45050 56.0061
45100 55.9551
45150 56.0146
45200 56.0352
45250 56.0045
45300 56.0773
45350 56.1749
45400 56.2267
45450 56.2539
45500 56.2905
45550 56.3012
45600 56.4387
45650 56.5776
45700 56.6893
45750 56.8661
45800 57.0084
45850 57.0383
45900 57.1067
45950 57.291
46000 57.4186
46050 57.4856
46100 57.5002
46150 57.4507
46200 57.393
46250 57.3911
46300 57.389
46350 57.3816
46400 57.3496
46450 57.3768
46500 57.4275
46550 57.4478
46600 57.4862
46650 57.6032
46700 57.7763
46750 57.7812
46800 57.6434
46850 57.7056
46900 57.8077
46950 57.8726
47000 57.9456
47050 58.0285
47100 58.2011
47150 58.4378
47200 58.5878
47250 58.7128
47300 58.8442
47350 58.8865
47400 58.8569
47450 58.8972
47500 58.9848
47550 59.0749
47600 59.2011
47650 59.4134
47700 59.5774
47750 59.7355
47800 59.9258
47850 60.0919
47900 60.2376
47950 60.3247
48000 60.3472
48050 60.2684
48100 60.2102
48150 60.2401
48200 60.2235
48250 60.1753
48300 60.1366
48350 60.0504
48400 59.984
48450 59.9876
48500 60.0438
48550 60.0043
48600 59.956
48650 60.0423
48700 60.1357
48750 60.2683
48800 60.3857
48850 60.4753
48900 60.4593
48950 60.5824
49000 60.8399
49050 61.12
49100 61.2618
49150 61.3651
49200 61.4865
49250 61.6012
49300 61.5757
49350 61.573
49400 61.4947
49450 61.3882
49500 61.297
49550 61.2455
49600 61.2594
49650 61.2943
49700 61.2721
49750 61.3492
49800 61.3481
49850 61.2083
49900 61.1271
49950 61.1365
50000 61.1237
50050 61.0738
50100 61.1328
50150 61.1993
50200 61.3937
50250 61.5316
50300 61.643
50350 61.6736
50400 61.7749
50450 61.8127
50500 61.9115
50550 62.0264
50600 62.0672
50650 62.0935
50700 62.1285
50750 62.1059
50800 62.1232
50850 62.1479
50900 62.1709
50950 62.1276
51000 62.0884
51050 62.061
51100 62.042
51150 62.1048
51200 62.2897
51250 62.2983
51300 62.3111
51350 62.3612
51400 62.4584
51450 62.4964
51500 62.6052
51550 62.7065
51600 62.8705
51650 63.0142
51700 63.0543
51750 63.05
51800 63.1136
51850 63.149
51900 63.1231
51950 63.1385
52000 63.2519
52050 63.3061
52100 63.3908
52150 63.5223
52200 63.5995
52250 63.7025
52300 63.8351
52350 63.8717
52400 63.8784
52450 63.9644
52500 64.0941
52550 64.2347
52600 64.2868
52650 64.2905
52700 64.3521
52750 64.4508
52800 64.4847
52850 64.5719
52900 64.6341
52950 64.6309
53000 64.6537
53050 64.6903
53100 64.7019
53150 64.7883
53200 65.004
53250 65.0479
53300 65.0877
53350 65.1364
53400 65.2438
53450 65.4454
53500 65.7082
53550 65.8769
53600 65.9984
53650 66.0729
53700 66.2011
53750 66.206
53800 66.1547
53850 66.2775
53900 66.4269
53950 66.6053
54000 66.8105
54050 66.9282
54100 67.0549
54150 67.2207
54200 67.3723
54250 67.523
54300 67.7394
54350 67.8265
54400 67.9616
54450 68.0808
54500 68.2642
54550 68.4895
54600 68.6075
54650 68.6867
54700 68.7634
54750 68.8256
54800 68.9349
54850 69.0617
54900 69.2114
54950 69.3352
55000 69.4133
55050 69.3864
55100 69.4016
55150 69.4449
55200 69.5584
55250 69.612
55300 69.7014
55350 69.7761
55400 69.7793
55450 69.7722
55500 69.6848
55550 69.6512
55600 69.629
55650 69.6077
55700 69.5902
55750 69.5671
55800 69.5668
55850 69.4613
55900 69.2937
55950 69.2822
56000 69.2595
56050 69.1751
56100 69.0472
56150 68.9959
56200 68.9588
56250 68.9098
56300 69.0079
56350 69.1255
56400 69.1713
56450 69.3047
56500 69.4746
56550 69.5634
56600 69.5713
56650 69.5565
56700 69.7186
56750 69.9337
56800 70.0819
56850 70.2124
56900 70.2142
56950 70.2238
57000 70.2563
57050 70.3645
57100 70.4667
57150 70.5318
57200 70.6173
57250 70.7618
57300 70.8756
57350 70.8803
57400 70.8702
57450 70.8329
57500 70.7453
57550 70.6571
57600 70.6141
57650 70.618
57700 70.5327
57750 70.4155
57800 70.3654
57850 70.286
57900 70.1742
57950 70.1002
58000 70.1354
58050 70.1578
58100 70.2654
58150 70.3888
58200 70.5054
58250 70.6739
58300 70.8208
58350 70.9606
58400 70.9907
58450 70.98
58500 70.8465
58550 70.653
58600 70.469
58650 70.374
58700 70.4894
58750 70.5841
58800 70.5975
58850 70.619
58900 70.6965
58950 70.7348
59000 70.8808
59050 71.0944
59100 71.2848
59150 71.3592
59200 71.5379
59250 71.69
59300 71.8408
59350 71.9257
59400 71.9773
59450 71.9999
59500 72.0826
59550 72.1986
59600 72.236
59650 72.2766
59700 72.4096
59750 72.5769
59800 72.7006
59850 72.7632
59900 72.7847
59950 72.6268
60000 72.4036
60050 72.2806
60100 72.2652
60150 72.2788
60200 72.3212
60250 72.2908
60300 72.3255
60350 72.3279
60400 72.4019
60450 72.4376
60500 72.4922
60550 72.5392
60600 72.513
60650 72.5196
60700 72.4302
60750 72.2871
60800 72.2099
60850 72.0765
60900 71.8521
60950 71.6776
61000 71.5839
61050 71.4529
61100 71.3773
61150 71.34
61200 71.3113
61250 71.3652
61300 71.3873
61350 71.4233
61400 71.4545
61450 71.5779
61500 71.7553
61550 71.9794
61600 72.1037
61650 72.2108
61700 72.3203
61750 72.5154
61800 72.6841
61850 72.8166
61900 72.9434
61950 73.0745
62000 73.2698
62050 73.3942
62100 73.4876
62150 73.5277
62200 73.6238
62250 73.7931
62300 73.9531
62350 74.2026
62400 74.5341
62450 74.8212
62500 75.0344
62550 75.1505
62600 75.2765
62650 75.4929
62700 75.7608
62750 75.9405
62800 76.1309
62850 76.2436
62900 76.3476
62950 76.4024
63000 76.4362
63050 76.5308
63100 76.5385
63150 76.4916
63200 76.31
63250 76.2929
63300 76.2904
63350 76.2535
63400 76.2468
63450 76.1594
63500 76.1978
63550 76.2371
63600 76.2129
63650 76.2356
63700 76.3598
63750 76.4359
63800 76.5564
63850 76.7129
63900 76.9
63950 76.9977
64000 77.0336
64050 77.0846
64100 77.1584
64150 77.3063
64200 77.3438
64250 77.3717
64300 77.3577
64350 77.3581
64400 77.4674
64450 77.5654
64500 77.6477
64550 77.7399
64600 77.732
64650 77.6981
64700 77.7847
64750 77.9831
64800 78.1988
64850 78.269
64900 78.3848
64950 78.4704
65000 78.5454
65050 78.6708
65100 78.7163
65150 78.7198
65200 78.7822
65250 78.7543
65300 78.8315
65350 78.8497
65400 78.8699
65450 78.8974
65500 79.0353
65550 79.1711
65600 79.3746
65650 79.5157
65700 79.541
65750 79.5304
65800 79.6392
65850 79.8228
65900 79.9716
65950 80.1005
66000 80.2934
66050 80.3691
66100 80.5024
66150 80.5176
66200 80.4835
66250 80.4956
66300 80.4452
66350 80.3372
66400 80.3457
66450 80.3915
66500 80.4864
66550 80.6243
66600 80.6969
66650 80.6783
66700 80.5796
66750 80.5491
66800 80.5234
66850 80.5779
66900 80.6074
66950 80.6295
67000 80.6503
67050 80.6956
67100 80.6919
67150 80.6398
67200 80.5516
67250 80.5136
67300 80.5839
67350 80.7311
67400 80.8973
67450 81.0187
67500 81.1244
67550 81.1253
67600 81.0731
67650 81.1852
67700 81.2799
67750 81.2985
67800 81.4938
67850 81.7106
67900 81.9093
67950 82.1005
68000 82.3409
68050 82.5372
68100 82.6939
68150 82.8996
68200 83.0664
68250 83.2524
68300 83.5001
68350 83.6766
68400 83.8277
68450 83.8207
68500 83.8417
68550 83.8132
68600 83.7753
68650 83.804
68700 83.8071
68750 83.8664
68800 83.806
68850 83.7937
68900 83.8307
68950 83.9813
69000 83.9827
69050 83.9851
69100 83.9588
69150 84.0351
69200 84.1661
69250 84.2316
69300 84.2377
69350 84.2962
69400 84.3323
69450 84.453
69500 84.7357
69550 84.9969
69600 85.2059
69650 85.5094
69700 85.6813
69750 85.739
69800 85.6508
69850 85.6376
69900 85.7208
69950 85.7792
70000 85.9258
70050 86.079
70100 86.3091
70150 86.5012
70200 86.66
70250 86.8228
70300 86.9121
70350 87.0876
70400 87.1797
70450 87.155
70500 87.133
70550 87.0538
70600 87.0756
70650 87.0779
70700 86.9897
70750 86.8184
70800 86.5984
70850 86.432
70900 86.397
70950 86.4458
71000 86.4747
71050 86.5441
71100 86.5088
71150 86.4688
71200 86.3785
71250 86.2691
71300 86.2488
71350 86.1986
71400 86.0989
71450 86.1001
71500 86.0539
71550 85.9985
71600 85.8755
71650 85.7107
71700 85.6362
71750 85.5122
71800 85.4912
71850 85.446
71900 85.3508
71950 85.3087
72000 85.2575
72050 85.3046
72100 85.391
72150 85.507
72200 85.658
72250 85.7457
72300 85.9629
72350 86.1203
72400 86.229
72450 86.3427
72500 86.422
72550 86.5119
72600 86.5594
72650 86.6804
72700 86.7006
72750 86.7117
72800 86.7023
72850 86.6844
72900 86.6643
72950 86.6178
73000 86.6593
73050 86.7794
73100 86.9033
73150 87.0188
73200 87.2439
73250 87.2898
73300 87.3893
73350 87.5335
73400 87.5778
73450 87.6347
73500 87.752
73550 87.7941
73600 87.8137
73650 87.9452
73700 87.9948
73750 88.0849
73800 88.2644
73850 88.3905
73900 88.5116
73950 88.4792
74000 88.5018
74050 88.4046
74100 88.2055
74150 88.0949
74200 87.9712
74250 87.9401
74300 87.8633
74350 87.9634
74400 88.0668
74450 88.0934
74500 88.1152
74550 88.2772
74600 88.4802
74650 88.5428
74700 88.5583
74750 88.5187
74800 88.6417
74850 88.6208
74900 88.4709
74950 88.3765
75000 88.3227
75050 88.2761
75100 88.2374
75150 88.2332
75200 88.3046
75250 88.422
75300 88.5073
75350 88.5949
75400 88.6806
75450 88.7033
75500 88.8214
75550 88.8858
75600 88.9722
75650 89.0328
75700 89.052
75750 89.0276
75800 89.2101
75850 89.448
75900 89.6287
75950 89.8003
76000 89.8563
76050 89.8698
76100 89.9881
76150 90.0532
76200 90.1479
76250 90.1471
76300 90.0793
76350 90.1863
76400 90.1711
76450 90.1008
76500 90.015
76550 89.9688
76600 89.9026
76650 89.8727
76700 89.9013
76750 89.9197
76800 89.9133
76850 89.8875
76900 89.8337
76950 89.8643
77000 89.9881
77050 90.0394
77100 89.9739
77150 89.9398
77200 89.9656
77250 89.8543
77300 89.7739
77350 89.8066
77400 89.7991
77450 89.7641
77500 89.7108
77550 89.8659
77600 89.8794
77650 89.876
77700 89.99
77750 90.1202
77800 90.1972
77850 90.3115
77900 90.3081
77950 90.3118
78000 90.2213
78050 90.1908
78100 90.1324
78150 90.1782
78200 90.2832
78250 90.3476
78300 90.4246
78350 90.4781
78400 90.5409
78450 90.6788
78500 90.8481
78550 90.9398
78600 91.0646
78650 91.1336
78700 91.3075
78750 91.3988
78800 91.5245
78850 91.6533
78900 91.6448
78950 91.6559
79000 91.7459
79050 91.9154
79100 92.0584
79150 92.1661
79200 92.177
79250 92.0572
79300 92.0276
79350 92.1353
79400 92.2383
79450 92.1786
79500 91.9631
79550 91.6268
79600 91.481
79650 91.3864
79700 91.4265
79750 91.3763
79800 91.3688
79850 91.4797
79900 91.6409
79950 91.7845
80000 91.8324
80050 91.8593
80100 91.8388
80150 91.8967
80200 91.8498
80250 91.6999
80300 91.4525
80350 91.4316
80400 91.4382
80450 91.4436
80500 91.4528
80550 91.3509
80600 91.2986
80650 91.3424
80700 91.4551
80750 91.5262
80800 91.6029
80850 91.7593
80900 91.9118
80950 92.0618
81000 92.2813
81050 92.4065
81100 92.4592
81150 92.5656
81200 92.6226
81250 92.7539
81300 92.8903
81350 93.0933
81400 93.1819
81450 93.2663
81500 93.4596
81550 93.7193
81600 93.8888
81650 94.0113
81700 94.2226
81750 94.4099
81800 94.5205
81850 94.7462
81900 94.9238
81950 95.0387
82000 95.0993
82050 95.1345
82100 95.2701
82150 95.4037
82200 95.5803
82250 95.6115
82300 95.5632
82350 95.5986
82400 95.6101
82450 95.5632
82500 95.5337
82550 95.4469
82600 95.4688
82650 95.6253
82700 95.6867
82750 95.7492
82800 95.6495
82850 95.4151
82900 95.1301
82950 94.98
83000 94.9525
83050 95.0627
83100 95.2138
83150 95.3121
83200 95.362
83250 95.3792
83300 95.5515
83350 95.6091
83400 95.7337
83450 95.6975
83500 95.5617
83550 95.5835
83600 95.5894
83650 95.5777
83700 95.4841
83750 95.3906
83800 95.2314
83850 94.9863
83900 94.9432
83950 94.8995
84000 94.9335
84050 95.1598
84100 95.3242
84150 95.5039
84200 95.6484
84250 95.7073
84300 95.7854
84350 95.8823
84400 95.8297
84450 95.8085
84500 95.7115
84550 95.5864
84600 95.6017
84650 95.6537
84700 95.6466
84750 95.63
84800 95.6523
84850 95.6193
84900 95.6089
84950 95.5892
85000 95.7039
85050 95.7293
85100 95.6877
85150 95.7625
85200 95.8543
85250 95.8144
85300 95.8025
85350 95.9455
85400 96.0788
85450 96.3144
85500 96.3619
85550 96.2872
85600 96.284
85650 96.4224
85700 96.6041
85750 96.6519
85800 96.6636
85850 96.5403
85900 96.4033
85950 96.3374
86000 96.3559
86050 96.3098
86100 96.2521
86150 96.1746
86200 96.2138
86250 96.3413
86300 96.5482
86350 96.5907
86400 96.6636
86450 96.7537
86500 96.8638
86550 97.051
86600 97.2429
86650 97.2982
86700 97.3228
86750 97.4055
86800 97.4657
86850 97.4929
86900 97.4895
86950 97.5043
87000 97.5221
87050 97.4368
87100 97.3486
87150 97.2805
87200 97.3422
87250 97.3823
87300 97.4557
87350 97.6042
87400 97.8542
87450 98.0361
87500 98.2704
87550 98.4363
87600 98.3631
87650 98.3527
87700 98.3943
87750 98.3697
87800 98.3021
87850 98.2257
87900 98.2265
87950 98.1153
88000 98.075
88050 98.0566
88100 98.0256
88150 98.027
88200 97.9581
88250 97.7622
88300 97.7096
88350 97.7026
88400 97.5972
88450 97.4905
88500 97.2248
88550 97.0501
88600 97.0383
88650 97.0714
88700 96.9831
88750 96.9891
88800 97.0645
88850 97.2317
88900 97.4583
88950 97.6135
89000 97.8165
89050 97.8862
89100 97.9698
89150 98.0572
89200 98.1161
89250 98.2271
89300 98.2409
89350 98.3876
89400 98.626
89450 98.8419
89500 99.1219
89550 99.3433
89600 99.4223
89650 99.5416
89700 99.6306
89750 99.7205
89800 99.8994
89850 100.132
89900 100.378
89950 100.456
90000 100.493
90050 100.702
90100 100.843
90150 100.994
90200 101.048
90250 101.008
90300 100.995
90350 101.053
90400 101.048
90450 100.958
90500 100.847
90550 100.937
90600 101.118
90650 101.139
90700 101.158
90750 101.181
90800 101.195
90850 101.084
90900 100.983
90950 100.907
91000 100.949
91050 101.113
91100 101.2
91150 101.349
91200 101.581
91250 101.746
91300 101.863
91350 101.866
91400 101.929
91450 102.012
91500 102.107
91550 102.098
91600 102.146
91650 102.051
91700 102.003
91750 102.031
91800 101.959
91850 101.825
91900 101.677
91950 101.656
92000 101.528
92050 101.422
92100 101.417
92150 101.447
92200 101.499
92250 101.514
92300 101.519
92350 101.584
92400 101.532
92450 101.463
92500 101.266
92550 101.093
92600 101.094
92650 101.093
92700 101.063
92750 101.016
92800 100.839
92850 100.692
92900 100.6
92950 100.588
93000 100.628
93050 100.673
93100 100.693
93150 100.861
93200 100.883
93250 100.979
93300 100.988
93350 101.064
93400 101.084
93450 101.204
93500 101.256
93550 101.231
93600 101.197
93650 101.013
93700 100.839
93750 100.739
93800 100.705
93850 100.621
93900 100.614
93950 100.593
94000 100.603
94050 100.679
94100 100.648
94150 100.651
94200 100.788
94250 100.941
94300 101.099
94350 101.194
94400 101.185
94450 101.13
94500 101.243
94550 101.407
94600 101.47
94650 101.415
94700 101.338
94750 101.257
94800 101.234
94850 101.191
94900 100.951
94950 100.766
95000 100.75
95050 100.885
95100 100.967
95150 101.059
95200 101.146
95250 101.221
95300 101.368
95350 101.478
95400 101.624
95450 101.609
95500 101.561
95550 101.547
95600 101.509
95650 101.358
95700 101.134
95750 100.9
95800 100.654
95850 100.469
95900 100.361
95950 100.24
96000 100.156
96050 100.061
96100 99.8838
96150 99.7724
96200 99.6868
96250 99.5149
96300 99.2245
96350 99.1418
96400 98.9958
96450 98.8418
96500 98.6454
96550 98.6465
96600 98.5874
96650 98.5394
96700 98.4135
96750 98.2992
96800 98.2883
96850 98.1744
96900 98.2444
96950 98.339
97000 98.3235
97050 98.2938
97100 98.3333
97150 98.5038
97200 98.6404
97250 98.8233
97300 98.9663
97350 99.1097
97400 99.2532
97450 99.3504
97500 99.4567
97550 99.5275
97600 99.497
97650 99.4477
97700 99.4312
97750 99.3653
97800 99.4364
97850 99.6667
97900 99.9499
97950 100.259
98000 100.48
98050 100.591
98100 100.539
98150 100.443
98200 100.362
98250 100.28
98300 100.311
98350 100.32
98400 100.305
98450 100.178
98500 100.159
98550 100.272
98600 100.343
98650 100.271
98700 100.116
98750 99.9768
98800 99.9103
98850 100.017
98900 100.111
98950 100.071
99000 99.8786
99050 99.6728
99100 99.4816
99150 99.4874
99200 99.5672
99250 99.652
99300 99.7847
99350 99.865
99400 99.944
99450 99.9363
99500 100.037
99550 100.187
99600 100.302
99650 100.418
99700 100.562
99750 100.694
99800 100.713
99850 100.684
99900 100.761
99950 100.841
100000 100.999
