# Time-averaged data for fix msd_avg_all
# TimeStep c_msd_all[4]
0 1.06508e-28
50 0.185335
100 0.492845
150 0.78484
200 1.07149
250 1.332
300 1.56303
350 1.76923
400 1.95937
450 2.16571
500 2.36303
550 2.55011
600 2.74258
650 2.93717
700 3.12308
750 3.29287
800 3.43521
850 3.54164
900 3.64693
950 3.77519
1000 3.92175
1050 4.04024
1100 4.16656
1150 4.31419
1200 4.45894
1250 4.62534
1300 4.76013
1350 4.88001
1400 5.0351
1450 5.19375
1500 5.33337
1550 5.45656
1600 5.5954
1650 5.76288
1700 5.89877
1750 6.01783
1800 6.13821
1850 6.24904
1900 6.3338
1950 6.38167
2000 6.46569
2050 6.5645
2100 6.678
2150 6.78167
2200 6.85028
2250 6.93702
2300 7.01147
2350 7.10036
2400 7.19835
2450 7.25129
2500 7.29901
2550 7.34304
2600 7.39819
2650 7.51034
2700 7.61418
2750 7.72953
2800 7.84449
2850 7.94939
2900 8.05458
2950 8.1157
3000 8.20924
3050 8.30613
3100 8.40819
3150 8.48657
3200 8.53449
3250 8.55409
3300 8.60572
3350 8.6329
3400 8.71246
3450 8.83527
3500 8.92955
3550 9.0314
3600 9.09877
3650 9.1405
3700 9.15086
3750 9.18871
3800 9.24712
3850 9.31808
3900 9.3962
3950 9.47705
4000 9.53815
4050 9.60657
4100 9.70874
4150 9.78728
4200 9.87344
4250 9.98109
4300 10.0974
4350 10.203
4400 10.3492
4450 10.4478
4500 10.5611
4550 10.6481
4600 10.7617
4650 10.8281
4700 10.8763
4750 10.9763
4800 11.1263
4850 11.2783
4900 11.4222
4950 11.561
5000 11.6785
5050 11.7984
5100 11.918
5150 12.04
5200 12.1464
5250 12.2902
5300 12.4331
5350 12.5261
5400 12.6195
5450 12.6948
5500 12.7786
5550 12.9111
5600 12.9918
5650 13.0512
5700 13.1485
5750 13.2507
5800 13.3847
5850 13.4987
5900 13.5511
5950 13.5726
6000 13.5487
6050 13.5451
6100 13.6359
6150 13.7294
6200 13.7893
6250 13.8375
6300 13.8893
6350 13.9558
6400 14.0178
6450 14.1239
6500 14.2101
6550 14.2882
6600 14.3737
6650 14.4763
6700 14.5765
6750 14.6186
6800 14.648
6850 14.7089
6900 14.7769
6950 14.7981
7000 14.8799
7050 14.9156
7100 14.9158
7150 14.975
7200 15.0767
7250 15.0849
7300 15.1484
7350 15.2003
7400 15.1674
7450 15.188
7500 15.2155
7550 15.2869
7600 15.3531
7650 15.4502
7700 15.5408
7750 15.6577
7800 15.7618
7850 15.8247
7900 15.9015
7950 15.9569
8000 15.9873
8050 16.0162
8100 16.0424
8150 16.0906
8200 16.1233
8250 16.1159
8300 16.1235
8350 16.0936
8400 16.0449
8450 16.0003
8500 16.0204
8550 16.1069
8600 16.1478
8650 16.2058
8700 16.3039
8750 16.3314
8800 16.3527
8850 16.3471
8900 16.3711
8950 16.4076
9000 16.3635
9050 16.3722
9100 16.411
9150 16.4556
9200 16.5619
9250 16.6747
9300 16.753
9350 16.8694
9400 16.961
9450 17.0224
9500 17.0688
9550 17.0852
9600 17.1566
9650 17.2318
9700 17.3064
9750 17.4463
9800 17.5428
9850 17.6334
9900 17.7618
9950 17.8743
10000 18.0199
10050 18.1225
10100 18.1867
10150 18.1839
10200 18.1891
10250 18.2727
10300 18.368
10350 18.4639
10400 18.544
10450 18.5669
10500 18.6253
10550 18.6977
10600 18.81
10650 18.8638
10700 18.9094
10750 18.999
10800 19.1401
10850 19.2694
10900 19.3677
10950 19.4367
11000 19.483
11050 19.5416
11100 19.5381
11150 19.5602
11200 19.5633
11250 19.5879
11300 19.6558
11350 19.7073
11400 19.7711
11450 19.8914
11500 20.0295
11550 20.094
11600 20.1151
11650 20.1551
11700 20.1502
11750 20.1662
11800 20.1978
11850 20.2706
11900 20.3151
11950 20.4042
12000 20.4677
12050 20.5077
12100 20.5661
12150 20.6249
12200 20.6232
12250 20.6551
12300 20.7356
12350 20.8021
12400 20.8799
12450 20.988
12500 21.0943
12550 21.1493
12600 21.1283
12650 21.0718
12700 21.015
12750 20.9643
12800 20.8642
12850 20.8275
12900 20.8815
12950 20.9392
13000 20.9758
13050 20.9808
13100 20.9468
13150 20.9318
13200 20.938
13250 20.9582
13300 21.0159
13350 21.1313
13400 21.2194
13450 21.3387
13500 21.4067
13550 21.4801
13600 21.5063
13650 21.4927
13700 21.4962
13750 21.5047
13800 21.4707
13850 21.4749
13900 21.4333
13950 21.4035
14000 21.3518
14050 21.3252
14100 21.3534
14150 21.4334
14200 21.5295
14250 21.6163
14300 21.7178
14350 21.7434
14400 21.7392
14450 21.7545
14500 21.7444
14550 21.7492
14600 21.7362
14650 21.7257
14700 21.8275
14750 21.9032
14800 21.9262
14850 21.9715
14900 21.9622
14950 21.9678
15000 21.9846
15050 21.9862
15100 21.9879
15150 22.0274
15200 22.1046
15250 22.1446
15300 22.1639
15350 22.1253
15400 22.0931
15450 22.0489
15500 22.0327
15550 22.0305
15600 22.0279
15650 22.0346
15700 22.0647
15750 22.1502
15800 22.2237
15850 22.3298
15900 22.3732
15950 22.4505
16000 22.5024
16050 22.5246
16100 22.5321
16150 22.5017
16200 22.479
16250 22.4676
16300 22.4919
16350 22.5131
16400 22.5825
16450 22.6011
16500 22.6365
16550 22.7478
16600 22.8596
16650 22.9261
16700 22.9449
16750 22.9768
16800 22.9638
16850 23.0434
16900 23.138
16950 23.1837
17000 23.2136
17050 23.2521
17100 23.3071
17150 23.3332
17200 23.3854
17250 23.4773
17300 23.5233
17350 23.5543
17400 23.5825
17450 23.6218
17500 23.6308
17550 23.6457
17600 23.6642
17650 23.6813
17700 23.658
17750 23.6164
17800 23.552
17850 23.6181
17900 23.6964
17950 23.7466
18000 23.7947
18050 23.8787
18100 23.8951
18150 23.843
18200 23.8534
18250 23.884
18300 23.9413
18350 23.9193
18400 23.9755
18450 24.0213
18500 24.0427
18550 24.0765
18600 24.0378
18650 23.9825
18700 23.9995
18750 23.9896
18800 24.005
18850 24.0015
18900 23.9906
18950 23.995
19000 24.011
19050 24.111
19100 24.2294
19150 24.334
19200 24.3879
19250 24.4219
19300 24.5342
19350 24.6076
19400 24.626
19450 24.6366
19500 24.6086
19550 24.6078
19600 24.6095
19650 24.6326
19700 24.7056
19750 24.8327
19800 24.8647
19850 24.9369
19900 25.0581
19950 25.1492
20000 25.2849
20050 25.3929
20100 25.4616
20150 25.5523
20200 25.6418
20250 25.6794
20300 25.6525
20350 25.6724
20400 25.6263
20450 25.5955
20500 25.5693
20550 25.5753
20600 25.5451
20650 25.5328
20700 25.5672
20750 25.6352
20800 25.6008
20850 25.6128
20900 25.6335
20950 25.6879
21000 25.6922
21050 25.7228
21100 25.7239
21150 25.7156
21200 25.7027
21250 25.6441
21300 25.6319
21350 25.6859
21400 25.7231
21450 25.7454
21500 25.7687
21550 25.769
21600 25.7788
21650 25.8298
21700 25.8381
21750 25.7469
21800 25.6977
21850 25.6633
21900 25.6268
21950 25.5701
22000 25.515
22050 25.5064
22100 25.5584
22150 25.5505
22200 25.5638
22250 25.5925
22300 25.6351
22350 25.6128
22400 25.6018
22450 25.6251
22500 25.6157
22550 25.6072
22600 25.6429
22650 25.6793
22700 25.7539
22750 25.862
22800 26.0505
22850 26.2263
22900 26.3561
22950 26.4412
23000 26.5227
23050 26.7001
23100 26.891
23150 27.0521
23200 27.1354
23250 27.2141
23300 27.2771
23350 27.4013
23400 27.5301
23450 27.6393
23500 27.71
23550 27.7764
23600 27.8207
23650 27.8858
23700 27.8956
23750 27.8917
23800 27.8349
23850 27.8186
23900 27.8225
23950 27.7935
24000 27.7774
24050 27.8003
24100 27.8559
24150 27.9847
24200 28.1056
24250 28.1997
24300 28.2193
24350 28.2277
24400 28.276
24450 28.3267
24500 28.3549
24550 28.3777
24600 28.3238
24650 28.2896
24700 28.3011
24750 28.313
24800 28.3289
24850 28.306
24900 28.2652
24950 28.3086
25000 28.4192
25050 28.4487
25100 28.4487
25150 28.4169
25200 28.309
25250 28.2326
25300 28.2042
25350 28.1733
25400 28.1711
25450 28.1367
25500 28.0868
25550 28.128
25600 28.1412
25650 28.1358
25700 28.1958
25750 28.2176
25800 28.2671
25850 28.3016
25900 28.3261
25950 28.4212
26000 28.4133
26050 28.4807
26100 28.5734
26150 28.6533
26200 28.6574
26250 28.6297
26300 28.599
26350 28.6748
26400 28.7432
26450 28.8491
26500 28.9259
26550 28.9321
26600 28.9415
26650 29.0053
26700 29.0446
26750 29.0197
26800 28.885
26850 28.827
26900 28.8014
26950 28.7844
27000 28.7613
27050 28.7504
27100 28.7561
27150 28.7894
27200 28.8259
27250 28.9093
27300 28.9135
27350 29.0046
27400 29.0813
27450 29.1131
27500 29.1378
27550 29.1343
27600 29.1018
27650 29.1525
27700 29.257
27750 29.2772
27800 29.2738
27850 29.2423
27900 29.157
27950 29.1149
28000 29.0901
28050 29.0851
28100 29.1302
28150 29.1827
28200 29.256
28250 29.3549
28300 29.3849
28350 29.4361
28400 29.4558
28450 29.5438
28500 29.6195
28550 29.7018
28600 29.8028
28650 29.8854
28700 29.8727
28750 29.8876
28800 29.9274
28850 29.9707
28900 30.0219
28950 30.0596
29000 30.1102
29050 30.1722
29100 30.2403
29150 30.2613
29200 30.3212
29250 30.2847
29300 30.2532
29350 30.2737
29400 30.2052
29450 30.1801
29500 30.2367
29550 30.3212
29600 30.4444
29650 30.5052
29700 30.5774
29750 30.6609
29800 30.7177
29850 30.7546
29900 30.7576
29950 30.8125
30000 30.8459
30050 30.9294
30100 31.044
30150 31.1105
30200 31.1823
30250 31.2969
30300 31.3931
30350 31.4374
30400 31.4672
30450 31.4908
30500 31.543
30550 31.6053
30600 31.6819
30650 31.7425
30700 31.7608
30750 31.6617
30800 31.5781
30850 31.6101
30900 31.6133
30950 31.6756
31000 31.7396
31050 31.7867
31100 31.7916
31150 31.7904
31200 31.7504
31250 31.7125
31300 31.6951
31350 31.7548
31400 31.7494
31450 31.7911
31500 31.909
31550 32.0439
31600 32.1322
31650 32.2445
31700 32.3109
31750 32.3661
31800 32.4811
31850 32.5691
31900 32.5737
31950 32.568
32000 32.5766
32050 32.5981
32100 32.621
32150 32.6173
32200 32.5925
32250 32.5924
32300 32.6238
32350 32.5506
32400 32.4598
32450 32.3188
32500 32.343
32550 32.4367
32600 32.5204
32650 32.5637
32700 32.6332
32750 32.6775
32800 32.6403
32850 32.608
32900 32.5826
32950 32.4958
33000 32.4872
33050 32.5052
33100 32.5577
33150 32.588
33200 32.6635
33250 32.7813
33300 32.8625
33350 33.0039
33400 33.1337
33450 33.2605
33500 33.3408
33550 33.4057
33600 33.4794
33650 33.5919
33700 33.6519
33750 33.6801
33800 33.7694
33850 33.8446
33900 34.0121
33950 34.1887
34000 34.3025
34050 34.3935
34100 34.3412
34150 34.2335
34200 34.2471
34250 34.2049
34300 34.1071
34350 34.0536
34400 33.9738
34450 33.9013
34500 33.7995
34550 33.7445
34600 33.7175
34650 33.7419
34700 33.7946
34750 33.8098
34800 33.7423
34850 33.7561
34900 33.7845
34950 33.7896
35000 33.8236
35050 33.8079
35100 33.8605
35150 33.8976
35200 33.9587
35250 33.984
35300 34.0293
35350 34.0603
35400 34.1405
35450 34.247
35500 34.3107
35550 34.3766
35600 34.4572
35650 34.5225
35700 34.5358
35750 34.5589
35800 34.5741
35850 34.6056
35900 34.7042
35950 34.8002
36000 34.9004
36050 34.9191
36100 34.9332
36150 34.9308
36200 34.9674
36250 34.9288
36300 34.9906
36350 35.0468
36400 35.1199
36450 35.2887
36500 35.4635
36550 35.5506
36600 35.6025
36650 35.6774
36700 35.7344
36750 35.8023
36800 35.902
36850 35.9134
36900 35.9106
36950 35.9604
37000 36.0166
37050 36.0522
37100 36.0396
37150 36.0105
37200 35.9589
37250 35.8983
37300 35.8478
37350 35.8547
37400 35.9492
37450 35.9778
37500 35.9909
37550 36.0423
37600 36.017
37650 36.0535
37700 36.093
37750 36.0994
37800 36.1492
37850 36.2292
37900 36.3012
37950 36.2999
38000 36.3732
38050 36.5156
38100 36.6577
38150 36.7971
38200 36.9728
38250 37.0587
38300 37.1062
38350 37.1401
38400 37.1726
38450 37.2273
38500 37.3362
38550 37.3935
38600 37.5219
38650 37.6679
38700 37.8038
38750 37.9869
38800 38.1372
38850 38.2643
38900 38.2995
38950 38.3769
39000 38.56
39050 38.7658
39100 38.9215
39150 39.0783
39200 39.1926
39250 39.3582
39300 39.4917
39350 39.5269
39400 39.5711
39450 39.6514
39500 39.7578
39550 39.8025
39600 39.8547
39650 39.895
39700 39.9149
39750 39.9519
39800 40.0504
39850 40.1117
39900 40.233
39950 40.2837
40000 40.3214
40050 40.311
40100 40.2152
40150 40.1444
40200 40.1904
40250 40.2433
40300 40.2999
40350 40.3933
40400 40.4786
40450 40.5445
40500 40.5567
40550 40.6274
40600 40.6477
40650 40.7494
40700 40.8632
40750 40.8866
40800 40.925
40850 41.003
40900 41.0633
40950 41.1345
41000 41.1627
41050 41.1972
41100 41.2333
41150 41.2676
41200 41.2677
41250 41.2227
41300 41.167
41350 41.0357
41400 40.9965
41450 40.9809
41500 40.9762
41550 40.9258
41600 40.9782
41650 41.105
41700 41.1384
41750 41.1898
41800 41.2573
41850 41.3475
41900 41.425
41950 41.4341
42000 41.4559
42050 41.4416
42100 41.4653
42150 41.5152
42200 41.5696
42250 41.657
42300 41.7894
42350 41.8988
42400 41.8909
42450 41.8716
42500 41.9346
42550 42.0188
42600 42.1838
42650 42.3163
42700 42.4535
42750 42.5582
42800 42.6663
42850 42.6679
42900 42.7306
42950 42.7736
43000 42.8824
43050 42.9932
43100 43.091
43150 43.1337
43200 43.1246
43250 43.2017
43300 43.2765
43350 43.3719
43400 43.4478
43450 43.4259
43500 43.4401
43550 43.4562
43600 43.5204
43650 43.5201
43700 43.4058
43750 43.2535
43800 43.1911
43850 43.153
43900 43.2562
43950 43.3791
44000 43.428
44050 43.4088
44100 43.3645
44150 43.4427
44200 43.4937
44250 43.5457
44300 43.577
44350 43.5859
44400 43.5692
44450 43.5576
44500 43.5619
44550 43.5918
44600 43.6676
44650 43.6905
44700 43.6058
44750 43.5815
44800 43.5529
44850 43.4236
44900 43.3446
44950 43.3112
45000 43.397
45050 43.4346
45100 43.3926
45150 43.4196
45200 43.5204
45250 43.5207
45300 43.4596
45350 43.4831
45400 43.4692
45450 43.4247
45500 43.4306
45550 43.4014
45600 43.3547
45650 43.2592
45700 43.2253
45750 43.3028
45800 43.2738
45850 43.1651
45900 43.0457
45950 42.9746
46000 42.925
46050 42.7956
46100 42.6547
46150 42.6264
46200 42.647
46250 42.6755
46300 42.7597
46350 42.8346
46400 42.8341
46450 42.8243
46500 42.8287
46550 42.844
46600 42.8685
46650 42.8845
46700 42.8999
46750 42.8965
46800 42.9031
46850 42.8572
46900 42.8715
46950 42.856
47000 42.875
47050 42.889
47100 42.9431
47150 42.9375
47200 42.85
47250 42.866
47300 42.8633
47350 42.9054
47400 42.9502
47450 42.9776
47500 43.1099
47550 43.1733
47600 43.131
47650 43.0988
47700 43.0697
47750 43.0206
47800 42.8875
47850 42.8989
47900 42.9191
47950 42.926
48000 42.9113
48050 42.8669
48100 42.8192
48150 42.7301
48200 42.5876
48250 42.515
48300 42.4403
48350 42.3726
48400 42.4283
48450 42.4449
48500 42.4961
48550 42.4634
48600 42.4903
48650 42.5201
48700 42.4944
48750 42.4903
48800 42.4399
48850 42.3543
48900 42.3674
48950 42.3834
49000 42.4422
49050 42.4807
49100 42.5327
49150 42.5505
49200 42.4964
49250 42.4021
49300 42.2951
49350 42.2974
49400 42.2942
49450 42.2226
49500 42.1286
49550 42.1048
49600 42.0982
49650 42.0761
49700 42.131
49750 42.2805
49800 42.3946
49850 42.5176
49900 42.5938
49950 42.667
50000 42.7023
50050 42.7658
50100 42.8067
50150 42.8426
50200 42.8349
50250 42.8234
50300 42.7554
50350 42.8215
50400 42.9256
50450 42.9331
50500 42.9609
50550 42.9639
50600 42.9386
50650 42.902
50700 42.8609
50750 42.8666
50800 42.8568
50850 42.8302
50900 42.7988
50950 42.8143
51000 42.9114
51050 43.0027
51100 43.0862
51150 43.2108
51200 43.2652
51250 43.2996
51300 43.2574
51350 43.134
51400 43.0542
51450 43.0502
51500 43.1445
51550 43.2605
51600 43.3623
51650 43.3679
51700 43.3176
51750 43.2355
51800 43.2504
51850 43.2457
51900 43.2684
51950 43.3859
52000 43.46
52050 43.5506
52100 43.6837
52150 43.8434
52200 43.9343
52250 43.9591
52300 43.8551
52350 43.7508
52400 43.6888
52450 43.7372
52500 43.843
52550 43.946
52600 43.911
52650 43.8201
52700 43.6964
52750 43.6051
52800 43.4906
52850 43.4154
52900 43.3886
52950 43.3287
53000 43.3752
53050 43.3846
53100 43.3923
53150 43.3618
53200 43.405
53250 43.427
53300 43.5006
53350 43.5489
53400 43.5718
53450 43.5607
53500 43.6369
53550 43.7181
53600 43.8322
53650 43.8934
53700 43.9442
53750 44.0006
53800 43.9204
53850 43.8672
53900 43.8164
53950 43.7823
54000 43.7498
54050 43.7416
54100 43.7306
54150 43.7779
54200 43.884
54250 43.9628
54300 44.0508
54350 44.1866
54400 44.2243
54450 44.1632
54500 44.0443
54550 44.0187
54600 44.0165
54650 43.9884
54700 43.9761
54750 43.9748
54800 43.9337
54850 43.7697
54900 43.6343
54950 43.5455
55000 43.4222
55050 43.3027
55100 43.2317
55150 43.1527
55200 43.1257
55250 43.0574
55300 43.036
55350 43.004
55400 42.9876
55450 42.9243
55500 42.9205
55550 43.0032
55600 43.1076
55650 43.1978
55700 43.3555
55750 43.5382
55800 43.7387
55850 43.9125
55900 43.9303
55950 43.9147
56000 43.852
56050 43.8016
56100 43.8669
56150 43.9416
56200 43.9955
56250 44.0449
56300 44.0441
56350 44.0122
56400 44.0689
56450 44.0726
56500 44.1476
56550 44.2381
56600 44.292
56650 44.2509
56700 44.2516
56750 44.1402
56800 44.0506
56850 44.0461
56900 43.9472
56950 43.9403
57000 43.9433
57050 44.0251
57100 44.1622
57150 44.3269
57200 44.4502
57250 44.5183
57300 44.5599
57350 44.5425
57400 44.4922
57450 44.4649
57500 44.5444
57550 44.5649
57600 44.5496
57650 44.5618
57700 44.5709
57750 44.5252
57800 44.5866
57850 44.6788
57900 44.7608
57950 44.8892
58000 44.9956
58050 45.1191
58100 45.2205
58150 45.333
58200 45.4568
58250 45.5968
58300 45.8028
58350 45.9609
58400 45.9934
58450 46.1118
58500 46.2387
58550 46.3303
58600 46.3648
58650 46.3576
58700 46.2852
58750 46.2698
58800 46.3443
58850 46.3456
58900 46.2968
58950 46.2013
59000 46.1314
59050 46.0697
59100 45.8704
59150 45.7378
59200 45.6608
59250 45.6883
59300 45.7212
59350 45.6964
59400 45.6109
59450 45.5607
59500 45.5873
59550 45.646
59600 45.6307
59650 45.5436
59700 45.4772
59750 45.3997
59800 45.3705
59850 45.4538
59900 45.593
59950 45.7243
60000 45.7917
60050 45.8667
60100 45.9816
60150 46.107
60200 46.1859
60250 46.2279
60300 46.2143
60350 46.2436
60400 46.256
60450 46.2773
60500 46.3238
60550 46.2491
60600 46.1611
60650 46.0279
60700 45.9302
60750 45.863
60800 45.805
60850 45.8088
60900 45.82
60950 45.7522
61000 45.6855
61050 45.6374
61100 45.6825
61150 45.6658
61200 45.6891
61250 45.7782
61300 45.7681
61350 45.7053
61400 45.6807
61450 45.7529
61500 45.8115
61550 45.8791
61600 45.8561
61650 45.9112
61700 45.9233
61750 45.8702
61800 45.7546
61850 45.6571
61900 45.7312
61950 45.763
62000 45.7619
62050 45.7625
62100 45.5927
62150 45.5183
62200 45.5481
62250 45.6164
62300 45.6479
62350 45.7308
62400 45.8192
62450 45.863
62500 45.9302
62550 45.9765
62600 46.0066
62650 46.1394
62700 46.1938
62750 46.2453
62800 46.3825
62850 46.5245
62900 46.6842
62950 46.8987
63000 47.0197
63050 47.1146
63100 47.1792
63150 47.2221
63200 47.2518
63250 47.3881
63300 47.4807
63350 47.5657
63400 47.5237
63450 47.4596
63500 47.4594
63550 47.4676
63600 47.4796
63650 47.422
63700 47.284
63750 47.1549
63800 47.1278
63850 47.0976
63900 47.0952
63950 47.1913
64000 47.289
64050 47.3561
64100 47.5633
64150 47.7649
64200 47.9262
64250 48.0295
64300 48.1543
64350 48.2527
64400 48.3766
64450 48.4665
64500 48.521
64550 48.5845
64600 48.6148
64650 48.7332
64700 48.9316
64750 49.093
64800 49.1623
64850 49.3545
64900 49.4234
64950 49.4532
65000 49.4778
65050 49.5589
65100 49.6988
65150 49.7939
65200 49.8931
65250 49.9244
65300 49.9116
65350 49.8215
65400 49.7781
65450 49.7132
65500 49.7066
65550 49.8441
65600 49.9344
65650 49.8516
65700 49.749
65750 49.6746
65800 49.6544
65850 49.6557
65900 49.5847
65950 49.5295
66000 49.4454
66050 49.4269
66100 49.5137
66150 49.6404
66200 49.7537
66250 49.7391
66300 49.7585
66350 49.7024
66400 49.7402
66450 49.8086
66500 49.9025
66550 49.8524
66600 49.8963
66650 49.9168
66700 49.9266
66750 49.923
66800 49.9063
66850 49.9023
66900 49.9934
66950 50.0587
67000 50.019
67050 50.0416
67100 50.0802
67150 50.132
67200 50.1944
67250 50.2761
67300 50.276
67350 50.2424
67400 50.1799
67450 50.1595
67500 50.1395
67550 50.0912
67600 50.089
67650 50.149
67700 50.3087
67750 50.3414
67800 50.2814
67850 50.2621
67900 50.2275
67950 50.1759
68000 50.1733
68050 50.1746
68100 50.2426
68150 50.3439
68200 50.3945
68250 50.379
68300 50.338
68350 50.369
68400 50.3558
68450 50.2745
68500 50.1667
68550 50.148
68600 50.1579
68650 50.1888
68700 50.2951
68750 50.3527
68800 50.345
68850 50.4311
68900 50.5398
68950 50.6545
69000 50.7246
69050 50.7769
69100 50.7787
69150 50.6908
69200 50.6327
69250 50.6008
69300 50.5903
69350 50.588
69400 50.6053
69450 50.5105
69500 50.4575
69550 50.414
69600 50.4489
69650 50.584
69700 50.6448
69750 50.6091
69800 50.6402
69850 50.6044
69900 50.4852
69950 50.4051
70000 50.2589
70050 50.1498
70100 50.0224
70150 49.9425
70200 49.824
70250 49.7289
70300 49.738
70350 49.8712
70400 49.98
70450 49.9796
70500 50.0322
70550 50.0787
70600 50.13
70650 50.2679
70700 50.2528
70750 50.3191
70800 50.3496
70850 50.3808
70900 50.4711
70950 50.5306
71000 50.6276
71050 50.6851
71100 50.6384
71150 50.5579
71200 50.5113
71250 50.5335
71300 50.5899
71350 50.6672
71400 50.6377
71450 50.6224
71500 50.6337
71550 50.6154
71600 50.5044
71650 50.3986
71700 50.2735
71750 50.1813
71800 50.0305
71850 49.8715
71900 49.7276
71950 49.5648
72000 49.4382
72050 49.2943
72100 49.2539
72150 49.0891
72200 49.0043
72250 48.8924
72300 48.742
72350 48.6895
72400 48.6739
72450 48.5399
72500 48.424
72550 48.4623
72600 48.4561
72650 48.4319
72700 48.4951
72750 48.6837
72800 48.7968
72850 48.9307
72900 49.1453
72950 49.4144
73000 49.5422
73050 49.5175
73100 49.4652
73150 49.5106
73200 49.5584
73250 49.4986
73300 49.4865
73350 49.5368
73400 49.6423
73450 49.6995
73500 49.6218
73550 49.5558
73600 49.5394
73650 49.563
73700 49.5552
73750 49.5856
73800 49.5798
73850 49.4986
73900 49.4957
73950 49.4608
74000 49.5221
74050 49.5787
74100 49.6604
74150 49.6811
74200 49.7607
74250 49.8237
74300 49.9116
74350 49.9752
74400 49.9867
74450 49.9726
74500 50.0662
74550 50.1261
74600 50.2408
74650 50.2965
74700 50.3189
74750 50.2555
74800 50.4013
74850 50.4765
74900 50.5746
74950 50.5742
75000 50.5402
75050 50.4803
75100 50.4569
75150 50.3894
75200 50.3332
75250 50.2942
75300 50.3519
75350 50.4453
75400 50.4575
75450 50.472
75500 50.4381
75550 50.3954
75600 50.3424
75650 50.4619
75700 50.5548
75750 50.6444
75800 50.729
75850 50.8228
75900 50.9188
75950 51.0155
76000 51.1352
76050 51.1544
76100 51.2303
76150 51.3504
76200 51.3838
76250 51.4587
76300 51.5161
76350 51.4581
76400 51.3932
76450 51.2706
76500 51.2046
76550 51.1614
76600 51.1298
76650 51.1127
76700 51.2031
76750 51.2799
76800 51.3582
76850 51.4129
76900 51.4153
76950 51.4987
77000 51.6465
77050 51.7965
77100 51.8735
77150 51.9195
77200 51.9644
77250 52.1044
77300 52.2462
77350 52.3869
77400 52.446
77450 52.4515
77500 52.4233
77550 52.4481
77600 52.4166
77650 52.4219
77700 52.4507
77750 52.4595
77800 52.5064
77850 52.5469
77900 52.651
77950 52.8167
78000 53.0179
78050 53.132
78100 53.223
78150 53.2823
78200 53.3209
78250 53.2296
78300 53.1383
78350 53.0765
78400 53.1232
78450 53.242
78500 53.3676
78550 53.3938
78600 53.4019
78650 53.4915
78700 53.6176
78750 53.6768
78800 53.702
78850 53.7624
78900 53.8621
78950 53.8781
79000 53.7953
79050 53.786
79100 53.8067
79150 53.8163
79200 53.8385
79250 53.9494
79300 54.0508
79350 54.1283
79400 54.1265
79450 54.1911
79500 54.3797
79550 54.5829
79600 54.7033
79650 54.764
79700 54.7131
79750 54.647
79800 54.5433
79850 54.5622
79900 54.5696
79950 54.6352
80000 54.6278
80050 54.5533
80100 54.6441
80150 54.742
80200 54.91
80250 54.9655
80300 55.1254
80350 55.2159
80400 55.2515
80450 55.1618
80500 55.0579
80550 54.9159
80600 54.8611
80650 54.7306
80700 54.7213
80750 54.7423
80800 54.6607
80850 54.6428
80900 54.5816
80950 54.4683
81000 54.3191
81050 54.2931
81100 54.2883
81150 54.2134
81200 54.1958
81250 54.2295
81300 54.2025
81350 54.2021
81400 54.249
81450 54.3275
81500 54.3521
81550 54.3985
81600 54.4915
81650 54.6745
81700 54.8677
81750 55.0065
81800 55.1585
81850 55.3425
81900 55.5097
81950 55.5483
82000 55.612
82050 55.7684
82100 55.8685
82150 55.8952
82200 55.9171
82250 55.8911
82300 55.8514
82350 55.7254
82400 55.6503
82450 55.6119
82500 55.5553
82550 55.5931
82600 55.6016
82650 55.5561
82700 55.4919
82750 55.4291
82800 55.5094
82850 55.5592
82900 55.5408
82950 55.5425
83000 55.613
83050 55.7458
83100 55.8719
83150 55.8797
83200 55.9196
83250 55.9029
83300 56.0516
83350 56.1207
83400 56.1536
83450 56.0327
83500 55.962
83550 55.8361
83600 55.692
83650 55.6197
83700 55.4577
83750 55.2975
83800 55.2139
83850 55.1945
83900 55.1688
83950 55.2584
84000 55.3694
84050 55.4706
84100 55.5575
84150 55.7061
84200 55.8768
84250 55.9933
84300 56.0654
84350 56.1302
84400 56.1899
84450 56.2363
84500 56.2384
84550 56.2381
84600 56.2659
84650 56.273
84700 56.2791
84750 56.3357
84800 56.4056
84850 56.5069
84900 56.5246
84950 56.4608
85000 56.3194
85050 56.2153
85100 56.1768
85150 56.0717
85200 55.9762
85250 55.9406
85300 55.9121
85350 55.7906
85400 55.7388
85450 55.7116
85500 55.7463
85550 55.9167
85600 56.0827
85650 56.1777
85700 56.2753
85750 56.3478
85800 56.391
85850 56.4855
85900 56.5707
85950 56.5816
86000 56.5742
86050 56.5245
86100 56.42
86150 56.3508
86200 56.2378
86250 56.1417
86300 56.027
86350 55.9509
86400 55.8909
86450 55.7962
86500 55.8222
86550 55.8014
86600 55.8152
86650 55.8415
86700 55.8445
86750 55.7744
86800 55.6962
86850 55.5777
86900 55.6128
86950 55.5444
87000 55.4462
87050 55.3871
87100 55.4316
87150 55.3305
87200 55.2664
87250 55.2764
87300 55.2071
87350 55.1708
87400 55.1441
87450 55.1446
87500 55.1257
87550 55.1225
87600 55.1165
87650 55.1491
87700 55.1344
87750 55.0824
87800 55.0257
87850 55.0322
87900 55.0625
87950 55.1619
88000 55.2364
88050 55.2893
88100 55.2246
88150 55.1953
88200 55.1955
88250 55.1646
88300 55.107
88350 55.1354
88400 55.137
88450 55.1046
88500 55.116
88550 55.1711
88600 55.2654
88650 55.3097
88700 55.3901
88750 55.5651
88800 55.6312
88850 55.6511
88900 55.6827
88950 55.6616
89000 55.7548
89050 55.8203
89100 55.8305
89150 55.7819
89200 55.8053
89250 55.886
89300 55.9046
89350 55.9517
89400 55.9997
89450 56.0115
89500 56.0044
89550 55.9926
89600 55.9674
89650 56.0644
89700 56.1887
89750 56.3338
89800 56.5259
89850 56.6757
89900 56.7264
89950 56.8069
90000 56.8499
90050 56.9026
90100 56.9759
90150 56.9842
90200 56.9996
90250 57.0634
90300 57.1584
90350 57.2787
90400 57.1858
90450 57.0458
90500 57.029
90550 57.0636
90600 57.0679
90650 57.0461
90700 57.037
90750 56.9753
90800 56.9073
90850 56.7752
90900 56.6319
90950 56.7321
91000 56.8494
91050 56.9596
91100 57.0842
91150 57.1765
91200 57.3041
91250 57.4452
91300 57.5934
91350 57.6652
91400 57.7737
91450 57.9687
91500 58.2066
91550 58.4029
91600 58.5933
91650 58.7182
91700 58.8713
91750 58.9809
91800 59.085
91850 59.2516
91900 59.2853
91950 59.2787
92000 59.3206
92050 59.3379
92100 59.3932
92150 59.3454
92200 59.2832
92250 59.2066
92300 59.0832
92350 59.0551
92400 59.0515
92450 58.9618
92500 58.8999
92550 58.8625
92600 58.757
92650 58.5965
92700 58.5246
92750 58.5544
92800 58.5964
92850 58.5543
92900 58.5163
92950 58.4514
93000 58.3453
93050 58.2941
93100 58.2127
93150 58.2587
93200 58.2168
93250 58.3027
93300 58.4465
93350 58.6316
93400 58.7334
93450 58.795
93500 58.8167
93550 58.8566
93600 58.9458
93650 59.0495
93700 59.1765
93750 59.2033
93800 59.2623
93850 59.3507
93900 59.3593
93950 59.2905
94000 59.1661
94050 58.9663
94100 58.6608
94150 58.4169
94200 58.2257
94250 58.1817
94300 58.1527
94350 58.2446
94400 58.4054
94450 58.6057
94500 58.6964
94550 58.8451
94600 58.9536
94650 59.1253
94700 59.3129
94750 59.4343
94800 59.4199
94850 59.363
94900 59.3528
94950 59.2853
95000 59.2177
95050 59.1857
95100 59.1035
95150 59.0332
95200 58.9134
95250 58.8266
95300 58.8167
95350 58.8365
95400 58.8219
95450 58.9221
95500 58.9815
95550 58.8597
95600 58.6029
95650 58.3894
95700 58.2069
95750 58.0617
95800 57.949
95850 57.879
95900 57.8294
95950 57.6217
96000 57.475
96050 57.3712
96100 57.3181
96150 57.2227
96200 57.1688
96250 57.175
96300 57.2055
96350 57.116
96400 57.0652
96450 56.9066
96500 56.8748
96550 56.874
96600 56.8197
96650 56.7253
96700 56.6874
96750 56.6822
96800 56.7142
96850 56.6219
96900 56.5054
96950 56.3374
97000 56.2502
97050 56.1445
97100 56.0873
97150 56.0767
97200 56.0326
97250 56.0168
97300 56.0401
97350 55.9695
97400 55.8513
97450 55.8968
97500 55.91
97550 55.8744
97600 55.8682
97650 55.7424
97700 55.7845
97750 55.9391
97800 56.086
97850 56.2218
97900 56.371
97950 56.4346
98000 56.4699
98050 56.5062
98100 56.5343
98150 56.4998
98200 56.4875
98250 56.5497
98300 56.5234
98350 56.4242
98400 56.3023
98450 56.2551
98500 56.2677
98550 56.2972
98600 56.4009
98650 56.5268
98700 56.6058
98750 56.6302
98800 56.6194
98850 56.6622
98900 56.7539
98950 57.0034
99000 57.111
99050 57.2612
99100 57.363
99150 57.3493
99200 57.3457
99250 57.2805
99300 57.2422
99350 57.2578
99400 57.2787
99450 57.2565
99500 57.2568
99550 57.2996
99600 57.4178
99650 57.5164
99700 57.5472
99750 57.6171
99800 57.6462
99850 57.6495
99900 57.6326
99950 57.6568
100000 57.762
