# Time-averaged data for fix msd_avg_all
# TimeStep c_msd_all[4]
0 1.14647e-28
50 0.19219
100 0.518611
150 0.849096
200 1.15347
250 1.43313
300 1.71217
350 1.98832
400 2.25579
450 2.516
500 2.76405
550 2.99728
600 3.23649
650 3.46135
700 3.68008
750 3.8838
800 4.10582
850 4.34632
900 4.593
950 4.85132
1000 5.07826
1050 5.27383
1100 5.44175
1150 5.614
1200 5.78835
1250 5.94875
1300 6.09806
1350 6.23763
1400 6.42281
1450 6.59157
1500 6.7843
1550 6.97036
1600 7.11997
1650 7.23672
1700 7.36997
1750 7.52161
1800 7.66267
1850 7.76978
1900 7.88704
1950 8.02398
2000 8.16057
2050 8.28694
2100 8.435
2150 8.60256
2200 8.76293
2250 8.86937
2300 9.00413
2350 9.17276
2400 9.34951
2450 9.52127
2500 9.72701
2550 9.87747
2600 10.0478
2650 10.1779
2700 10.2964
2750 10.4078
2800 10.5207
2850 10.6698
2900 10.8334
2950 11.017
3000 11.1617
3050 11.2866
3100 11.4113
3150 11.588
3200 11.7177
3250 11.8193
3300 11.8825
3350 12.0079
3400 12.1637
3450 12.3367
3500 12.4885
3550 12.604
3600 12.7555
3650 12.8827
3700 13.0329
3750 13.1423
3800 13.2345
3850 13.3259
3900 13.4014
3950 13.4806
4000 13.5845
4050 13.6565
4100 13.7204
4150 13.8164
4200 13.9149
4250 14.0351
4300 14.1652
4350 14.2968
4400 14.4026
4450 14.4932
4500 14.6308
4550 14.7527
4600 14.8569
4650 14.9065
4700 14.8873
4750 14.9148
4800 14.9033
4850 14.9518
4900 15.0101
4950 15.0959
5000 15.2204
5050 15.34
5100 15.4692
5150 15.6095
5200 15.7098
5250 15.838
5300 15.9494
5350 16.0571
5400 16.2055
5450 16.3441
5500 16.4773
5550 16.6021
5600 16.6564
5650 16.7567
5700 16.9074
5750 17.0241
5800 17.1518
5850 17.2712
5900 17.4541
5950 17.6361
6000 17.7822
6050 17.8427
6100 17.9573
6150 18.1007
6200 18.1999
6250 18.2019
6300 18.2105
6350 18.2111
6400 18.1914
6450 18.2088
6500 18.2699
6550 18.3092
6600 18.3334
6650 18.3517
6700 18.4383
6750 18.5087
6800 18.6266
6850 18.7493
6900 18.8294
6950 18.9426
7000 19.0974
7050 19.2168
7100 19.2953
7150 19.3871
7200 19.4867
7250 19.6533
7300 19.7857
7350 19.9431
7400 20.1122
7450 20.3028
7500 20.4966
7550 20.6399
7600 20.8543
7650 21.0699
7700 21.2601
7750 21.4721
7800 21.5913
7850 21.7038
7900 21.8503
7950 21.9403
8000 22.0316
8050 22.1236
8100 22.2437
8150 22.4108
8200 22.6055
8250 22.7813
8300 22.9319
8350 23.0722
8400 23.191
8450 23.2941
8500 23.433
8550 23.5813
8600 23.7402
8650 23.8764
8700 24.012
8750 24.0568
8800 24.1433
8850 24.2157
8900 24.2742
8950 24.3915
9000 24.5876
9050 24.735
9100 24.8388
9150 24.9376
9200 25.086
9250 25.2136
9300 25.3532
9350 25.482
9400 25.6369
9450 25.7458
9500 25.8603
9550 25.9085
9600 25.9481
9650 26.0322
9700 26.0842
9750 26.1547
9800 26.1846
9850 26.2133
9900 26.2459
9950 26.2567
10000 26.2061
10050 26.173
10100 26.21
10150 26.3024
10200 26.4308
10250 26.5979
10300 26.7174
10350 26.8318
10400 26.9203
10450 27.0428
10500 27.2292
10550 27.2978
10600 27.3068
10650 27.4063
10700 27.4697
10750 27.5278
10800 27.5967
10850 27.7029
10900 27.7915
10950 27.8894
11000 27.9796
11050 28.0312
11100 28.1123
11150 28.1207
11200 28.103
11250 28.1511
11300 28.2392
11350 28.2889
11400 28.3298
11450 28.3877
11500 28.4544
11550 28.5884
11600 28.7064
11650 28.7784
11700 28.8294
11750 28.8903
11800 28.9592
11850 29.0774
11900 29.1776
11950 29.3199
12000 29.4182
12050 29.5302
12100 29.6772
12150 29.8083
12200 29.9001
12250 29.8968
12300 29.9148
12350 29.9417
12400 29.9741
12450 29.9168
12500 29.8555
12550 29.8295
12600 29.8583
12650 29.9483
12700 29.9692
12750 29.986
12800 30.0736
12850 30.151
12900 30.3034
12950 30.4077
13000 30.575
13050 30.7022
13100 30.7758
13150 30.8657
13200 30.9397
13250 31.0118
13300 31.1414
13350 31.2798
13400 31.3517
13450 31.4295
13500 31.5769
13550 31.6703
13600 31.7942
13650 31.9226
13700 32.0127
13750 32.0866
13800 32.1968
13850 32.3491
13900 32.4825
13950 32.5939
14000 32.6823
14050 32.7905
14100 32.8999
14150 32.9204
14200 32.9474
14250 32.9767
14300 33.0172
14350 33.0865
14400 33.18
14450 33.2629
14500 33.288
14550 33.3491
14600 33.3554
14650 33.4513
14700 33.4955
14750 33.6549
14800 33.8392
14850 34.0452
14900 34.1821
14950 34.253
15000 34.3513
15050 34.4419
15100 34.5718
15150 34.6831
15200 34.8589
15250 34.915
15300 35.045
15350 35.2575
15400 35.3778
15450 35.4682
15500 35.5798
15550 35.7385
15600 35.8808
15650 35.9639
15700 36.0863
15750 36.2247
15800 36.3614
15850 36.3965
15900 36.3634
15950 36.2827
16000 36.2536
16050 36.2554
16100 36.3149
16150 36.3842
16200 36.526
16250 36.7334
16300 36.8677
16350 36.9815
16400 37.0072
16450 37.0056
16500 37.096
16550 37.2844
16600 37.483
16650 37.6962
16700 37.8002
16750 37.9022
16800 37.951
16850 38.1005
16900 38.3126
16950 38.5013
17000 38.6576
17050 38.7869
17100 38.86
17150 38.892
17200 38.916
17250 39.0002
17300 39.1077
17350 39.2135
17400 39.3684
17450 39.5077
17500 39.6067
17550 39.6946
17600 39.7312
17650 39.7593
17700 39.8248
17750 39.8709
17800 39.9575
17850 39.9986
17900 40.092
17950 40.1612
18000 40.2153
18050 40.3239
18100 40.4135
18150 40.5259
18200 40.5953
18250 40.7151
18300 40.7303
18350 40.7319
18400 40.8589
18450 40.9244
18500 40.9955
18550 40.9957
18600 40.9428
18650 40.9102
18700 40.8684
18750 40.8561
18800 40.8762
18850 40.9524
18900 40.9857
18950 40.9698
19000 41.0125
19050 41.0534
19100 41.1309
19150 41.2837
19200 41.3625
19250 41.4357
19300 41.5412
19350 41.6079
19400 41.7129
19450 41.9039
19500 42.0358
19550 42.1263
19600 42.2748
19650 42.4185
19700 42.5441
19750 42.5905
19800 42.6742
19850 42.8629
19900 43.0238
19950 43.1295
20000 43.2656
20050 43.4089
20100 43.5016
20150 43.6105
20200 43.7866
20250 43.9097
20300 43.9223
20350 43.9472
20400 43.9553
20450 44.0553
20500 44.1586
20550 44.269
20600 44.4367
20650 44.5335
20700 44.622
20750 44.6856
20800 44.6463
20850 44.6611
20900 44.7161
20950 44.7369
21000 44.7344
21050 44.6934
21100 44.7526
21150 44.9079
21200 45.0902
21250 45.1827
21300 45.1714
21350 45.2128
21400 45.3131
21450 45.3639
21500 45.4077
21550 45.3853
21600 45.3903
21650 45.395
21700 45.5511
21750 45.768
21800 45.9159
21850 46.0519
21900 46.0845
21950 46.0156
22000 45.8562
22050 45.8021
22100 45.7839
22150 45.778
22200 45.8487
22250 45.9584
22300 46.0534
22350 46.1661
22400 46.2032
22450 46.2675
22500 46.3199
22550 46.4347
22600 46.5898
22650 46.6305
22700 46.7037
22750 46.8285
22800 47.0893
22850 47.2758
22900 47.3667
22950 47.53
23000 47.8202
23050 48.0204
23100 48.2547
23150 48.4923
23200 48.6812
23250 48.8036
23300 48.8412
23350 48.8395
23400 48.8646
23450 48.9331
23500 49.0756
23550 49.2234
23600 49.2916
23650 49.2771
23700 49.2269
23750 49.2125
23800 49.3433
23850 49.4963
23900 49.6001
23950 49.7536
24000 49.9228
24050 49.9986
24100 50.0553
24150 50.1016
24200 50.2045
24250 50.3759
24300 50.536
24350 50.6849
24400 50.8436
24450 50.926
24500 51.0476
24550 51.223
24600 51.3575
24650 51.4367
24700 51.5607
24750 51.6621
24800 51.8367
24850 52.091
24900 52.3374
24950 52.4874
25000 52.618
25050 52.8607
25100 53.0733
25150 53.2511
25200 53.3628
25250 53.4124
25300 53.4624
25350 53.5205
25400 53.537
25450 53.606
25500 53.7515
25550 53.8807
25600 53.941
25650 54.0098
25700 54.1115
25750 54.2095
25800 54.266
25850 54.2253
25900 54.1571
25950 54.084
26000 53.9584
26050 53.954
26100 53.9812
26150 53.9996
26200 54.0138
26250 54.0701
26300 54.041
26350 54.0135
26400 53.9775
26450 54.0397
26500 54.1702
26550 54.2586
26600 54.2899
26650 54.3847
26700 54.4184
26750 54.4961
26800 54.5759
26850 54.6347
26900 54.7226
26950 54.7519
27000 54.8883
27050 54.9311
27100 55.0293
27150 55.1414
27200 55.2479
27250 55.3242
27300 55.333
27350 55.3563
27400 55.3261
27450 55.4014
27500 55.4526
27550 55.4378
27600 55.4353
27650 55.4371
27700 55.4934
27750 55.5355
27800 55.6407
27850 55.7456
27900 55.9664
27950 56.0653
28000 56.198
28050 56.3176
28100 56.5039
28150 56.6782
28200 56.8258
28250 56.9585
28300 57.1759
28350 57.3379
28400 57.4725
28450 57.5839
28500 57.6063
28550 57.5617
28600 57.4831
28650 57.4388
28700 57.4762
28750 57.4156
28800 57.3263
28850 57.3295
28900 57.433
28950 57.5024
29000 57.5401
29050 57.5561
29100 57.7184
29150 57.8703
29200 58.0028
29250 58.0256
29300 57.9196
29350 57.8527
29400 57.8041
29450 57.8292
29500 57.9432
29550 58.0251
29600 58.0102
29650 58.0481
29700 58.007
29750 57.9228
29800 57.8736
29850 57.8261
29900 57.8224
29950 57.9611
30000 58.0946
30050 58.259
30100 58.3715
30150 58.5629
30200 58.629
30250 58.736
30300 58.8915
30350 58.9195
30400 59.0168
30450 59.0829
30500 59.1287
30550 59.1532
30600 59.1861
30650 59.3337
30700 59.4407
30750 59.6042
30800 59.7542
30850 59.8942
30900 60.069
30950 60.2251
31000 60.4177
31050 60.7222
31100 60.9632
31150 61.0204
31200 61.0206
31250 61.0127
31300 61.0393
31350 60.9764
31400 60.8515
31450 60.8196
31500 60.783
31550 60.8485
31600 60.9564
31650 61.0096
31700 61.0985
31750 61.1753
31800 61.285
31850 61.4016
31900 61.4395
31950 61.5182
32000 61.68
32050 61.8808
32100 62.1448
32150 62.2655
32200 62.3746
32250 62.3714
32300 62.4253
32350 62.4927
32400 62.521
32450 62.4039
32500 62.3055
32550 62.1825
32600 62.0503
32650 62.0183
32700 61.971
32750 61.9943
32800 62.0249
32850 62.0823
32900 62.2156
32950 62.2593
33000 62.2816
33050 62.2208
33100 62.1006
33150 61.9101
33200 61.8388
33250 61.7276
33300 61.7302
33350 61.7987
33400 62.0214
33450 62.2513
33500 62.4662
33550 62.7413
33600 63.0092
33650 63.2483
33700 63.4346
33750 63.5193
33800 63.582
33850 63.6864
33900 63.8236
33950 63.9016
34000 63.9853
34050 63.9603
34100 63.8224
34150 63.8257
34200 63.8741
34250 64.021
34300 64.1269
34350 64.1003
34400 64.1773
34450 64.2115
34500 64.3221
34550 64.3926
34600 64.4429
34650 64.5924
34700 64.7477
34750 64.9543
34800 65.0715
34850 65.0884
34900 65.2229
34950 65.3006
35000 65.3843
35050 65.6178
35100 65.8983
35150 66.0707
35200 66.2506
35250 66.4083
35300 66.4355
35350 66.42
35400 66.4486
35450 66.495
35500 66.5857
35550 66.6071
35600 66.6108
35650 66.5646
35700 66.4398
35750 66.3953
35800 66.3719
35850 66.5634
35900 66.7437
35950 66.844
36000 66.866
36050 66.7593
36100 66.7373
36150 66.6753
36200 66.6256
36250 66.6966
36300 66.8767
36350 67.0888
36400 67.2648
36450 67.5445
36500 67.8288
36550 68.0392
36600 68.1827
36650 68.3248
36700 68.4433
36750 68.6381
36800 68.653
36850 68.595
36900 68.5318
36950 68.5246
37000 68.3756
37050 68.3331
37100 68.3757
37150 68.4642
37200 68.5004
37250 68.5066
37300 68.5656
37350 68.587
37400 68.6204
37450 68.657
37500 68.7916
37550 68.7667
37600 68.9468
37650 69.278
37700 69.5371
37750 69.6093
37800 69.756
37850 69.8511
37900 69.8875
37950 69.9441
38000 69.9881
38050 70.0928
38100 70.088
38150 70.0533
38200 70.0819
38250 70.1671
38300 70.2817
38350 70.3196
38400 70.4493
38450 70.5855
38500 70.6292
38550 70.6493
38600 70.6972
38650 70.6567
38700 70.6152
38750 70.66
38800 70.6951
38850 70.7202
38900 70.8058
38950 70.946
39000 71.086
39050 71.2366
39100 71.3711
39150 71.5032
39200 71.4585
39250 71.5659
39300 71.6615
39350 71.8596
39400 72.0319
39450 72.0682
39500 72.2022
39550 72.2419
39600 72.35
39650 72.4319
39700 72.4525
39750 72.587
39800 72.6725
39850 72.7683
39900 72.8361
39950 72.8134
40000 72.7935
40050 72.7417
40100 72.7536
40150 72.7106
40200 72.7061
40250 72.7109
40300 72.6754
40350 72.6439
40400 72.7567
40450 72.9713
40500 73.1297
40550 73.2837
40600 73.3955
40650 73.4907
40700 73.568
40750 73.7291
40800 73.8989
40850 73.9457
40900 73.9807
40950 74.0389
41000 74.1727
41050 74.2888
41100 74.4289
41150 74.7063
41200 74.9207
41250 75.0883
41300 75.1672
41350 75.2361
41400 75.5263
41450 75.8015
41500 75.9657
41550 76.2809
41600 76.5363
41650 76.7175
41700 76.8163
41750 76.9855
41800 77.0995
41850 77.2263
41900 77.239
41950 77.3011
42000 77.3525
42050 77.4179
42100 77.4182
42150 77.4067
42200 77.4477
42250 77.5465
42300 77.4772
42350 77.3815
42400 77.2875
42450 77.2885
42500 77.3718
42550 77.4433
42600 77.4679
42650 77.5884
42700 77.6243
42750 77.5554
42800 77.6468
42850 77.7441
42900 77.8257
42950 77.9638
43000 78.0121
43050 77.9672
43100 77.899
43150 78.0152
43200 78.1378
43250 78.2808
43300 78.4356
43350 78.5708
43400 78.5211
43450 78.5876
43500 78.5998
43550 78.5948
43600 78.6949
43650 78.7685
43700 78.8176
43750 78.8853
43800 78.8067
43850 78.738
43900 78.7142
43950 78.6919
44000 78.7434
44050 78.7712
44100 78.8482
44150 78.809
44200 78.7921
44250 78.8447
44300 78.9661
44350 79.0344
44400 79.0638
44450 79.1021
44500 79.1353
44550 79.0996
44600 79.051
44650 79.0379
44700 79.0936
44750 78.9585
44800 78.8199
44850 78.8508
44900 78.8609
44950 78.8677
45000 78.8431
45050 78.8234
45100 78.8792
45150 78.978
45200 79.0716
45250 79.1267
45300 79.1217
45350 79.0127
45400 78.9572
45450 78.847
45500 78.8156
45550 78.7428
45600 78.7633
45650 78.7836
45700 78.827
45750 78.9008
45800 78.7894
45850 78.6841
45900 78.5339
45950 78.3236
46000 78.1444
46050 77.9904
46100 77.9008
46150 77.8986
46200 77.9339
46250 78.0243
46300 78.2121
46350 78.3034
46400 78.3902
46450 78.401
46500 78.3736
46550 78.3262
46600 78.2558
46650 78.2083
46700 78.157
46750 78.2009
46800 78.4106
46850 78.603
46900 78.7692
46950 78.817
47000 78.8977
47050 78.9458
47100 78.9057
47150 79.002
47200 79.2296
47250 79.3482
47300 79.4945
47350 79.5846
47400 79.6711
47450 79.7388
47500 79.7379
47550 79.662
47600 79.6915
47650 79.8842
47700 80.1894
47750 80.5124
47800 80.8988
47850 81.1627
47900 81.321
47950 81.3539
48000 81.3467
48050 81.4029
48100 81.5498
48150 81.6796
48200 81.7832
48250 81.905
48300 81.9594
48350 81.9733
48400 82.0346
48450 81.9725
48500 81.9768
48550 82.0397
48600 82.2157
48650 82.3714
48700 82.4744
48750 82.59
48800 82.7925
48850 82.9256
48900 83.1019
48950 83.2476
49000 83.39
49050 83.5143
49100 83.486
49150 83.5365
49200 83.7141
49250 83.7764
49300 83.8328
49350 83.8374
49400 83.7433
49450 83.7234
49500 83.641
49550 83.5775
49600 83.7542
49650 83.8817
49700 84.0184
49750 84.0925
49800 84.1765
49850 84.2418
49900 84.3393
49950 84.531
50000 84.8389
50050 85.0678
50100 85.1527
50150 85.0974
50200 85.0222
50250 85.0372
50300 85.1383
50350 85.1772
50400 85.2361
50450 85.3111
50500 85.3111
50550 85.2987
50600 85.3169
50650 85.4075
50700 85.6033
50750 85.6488
50800 85.7061
50850 85.6979
50900 85.71
50950 85.7262
51000 85.7923
51050 85.8822
51100 85.9201
51150 85.9245
51200 85.8232
51250 85.75
51300 85.7783
51350 85.8031
51400 85.9055
51450 85.8908
51500 85.9549
51550 86.0777
51600 86.2377
51650 86.3417
51700 86.5167
51750 86.8437
51800 87.1653
51850 87.3525
51900 87.5724
51950 87.8387
52000 88.1146
52050 88.36
52100 88.6414
52150 88.9611
52200 89.1421
52250 89.2422
52300 89.3681
52350 89.4007
52400 89.4754
52450 89.3976
52500 89.398
52550 89.4827
52600 89.5047
52650 89.5158
52700 89.5632
52750 89.647
52800 89.6603
52850 89.7211
52900 89.7475
52950 89.6957
53000 89.8534
53050 89.964
53100 89.9467
53150 89.9545
53200 89.9417
53250 90.0997
53300 90.2198
53350 90.2851
53400 90.2991
53450 90.3921
53500 90.4253
53550 90.5682
53600 90.7998
53650 90.7721
53700 90.875
53750 90.9961
53800 91.0913
53850 91.1555
53900 91.2785
53950 91.3644
54000 91.3777
54050 91.4779
54100 91.6097
54150 91.7992
54200 92.0223
54250 92.18
54300 92.3146
54350 92.4299
54400 92.5043
54450 92.6969
54500 92.7371
54550 92.7208
54600 92.6567
54650 92.6541
54700 92.7064
54750 92.9084
54800 93.1093
54850 93.1708
54900 93.1247
54950 93.1529
55000 93.0942
55050 93.0887
55100 93.0933
55150 93.1252
55200 93.2045
55250 93.4044
55300 93.6417
55350 93.7267
55400 93.8744
55450 94.0098
55500 94.142
55550 94.4232
55600 94.7715
55650 94.9511
55700 95.1286
55750 95.2036
55800 95.2571
55850 95.4775
55900 95.6307
55950 95.8988
56000 96.1479
56050 96.3147
56100 96.3364
56150 96.3332
56200 96.2632
56250 96.2104
56300 96.2225
56350 96.2115
56400 96.3359
56450 96.4462
56500 96.5279
56550 96.5682
56600 96.5697
56650 96.5529
56700 96.6355
56750 96.611
56800 96.5854
56850 96.657
56900 96.6897
56950 96.6567
57000 96.6828
57050 96.7372
57100 96.8641
57150 97.0214
57200 97.1926
57250 97.356
57300 97.4004
57350 97.4269
57400 97.4052
57450 97.3466
57500 97.2276
57550 97.0847
57600 97.0022
57650 96.9196
57700 96.7801
57750 96.6944
57800 96.6921
57850 96.6422
57900 96.6226
57950 96.6302
58000 96.5297
58050 96.5364
58100 96.6235
58150 96.6575
58200 96.708
58250 96.7281
58300 96.6743
58350 96.6969
58400 96.8629
58450 96.87
58500 96.9569
58550 97.0364
58600 97.0434
58650 96.9941
58700 96.9483
58750 96.8988
58800 96.9687
58850 96.9484
58900 96.8484
58950 96.8591
59000 96.8835
59050 96.9035
59100 96.853
59150 96.8305
59200 96.8829
59250 96.8173
59300 96.7713
59350 96.886
59400 96.9096
59450 96.939
59500 96.8467
59550 96.7339
59600 96.5478
59650 96.3578
59700 96.2927
59750 96.2304
59800 96.1587
59850 96.2692
59900 96.2637
59950 96.2253
60000 96.3599
60050 96.5645
60100 96.6867
60150 96.7072
60200 96.7983
60250 96.9744
60300 97.0472
60350 97.1257
60400 97.0158
60450 96.9727
60500 96.8928
60550 96.9977
60600 97.2799
60650 97.4303
60700 97.4822
60750 97.7131
60800 97.821
60850 97.9124
60900 97.8615
60950 97.8987
61000 97.9597
61050 98.143
61100 98.2403
61150 98.2344
61200 98.2074
61250 98.2502
61300 98.2845
61350 98.2161
61400 98.2197
61450 98.3044
61500 98.3396
61550 98.3466
61600 98.2666
61650 98.2437
61700 98.3691
61750 98.5346
61800 98.5922
61850 98.691
61900 98.8534
61950 98.9006
62000 98.9513
62050 99.0358
62100 99.1637
62150 99.2886
62200 99.3194
62250 99.3118
62300 99.3432
62350 99.3436
62400 99.3563
62450 99.3286
62500 99.3185
62550 99.3471
62600 99.4311
62650 99.5065
62700 99.6008
62750 99.52
62800 99.4893
62850 99.321
62900 99.2789
62950 99.2405
63000 99.1477
63050 99.1178
63100 99.0968
63150 99.0552
63200 99.0575
63250 99.0459
63300 99.0524
63350 99.0288
63400 99.045
63450 98.9526
63500 98.9336
63550 98.9164
63600 98.922
63650 98.9686
63700 98.9029
63750 98.9204
63800 98.9572
63850 98.9557
63900 98.9512
63950 98.9976
64000 99.0913
64050 99.2022
64100 99.3777
64150 99.4667
64200 99.7273
64250 99.9506
64300 100.052
64350 100.149
64400 100.316
64450 100.36
64500 100.556
64550 100.826
64600 101.027
64650 101.126
64700 101.327
64750 101.502
64800 101.558
64850 101.707
64900 101.965
64950 102.354
65000 102.675
65050 102.79
65100 102.887
65150 103.032
65200 103.079
65250 103.185
65300 103.201
65350 103.23
65400 103.303
65450 103.269
65500 103.173
65550 103.166
65600 103.215
65650 103.335
65700 103.474
65750 103.516
65800 103.426
65850 103.481
65900 103.502
65950 103.355
66000 103.314
66050 103.29
66100 103.233
66150 103.29
66200 103.332
66250 103.428
66300 103.551
66350 103.623
66400 103.681
66450 103.621
66500 103.559
66550 103.506
66600 103.392
66650 103.35
66700 103.283
66750 103.354
66800 103.378
66850 103.452
66900 103.431
66950 103.515
67000 103.618
67050 103.609
67100 103.527
67150 103.506
67200 103.443
67250 103.593
67300 103.632
67350 103.771
67400 103.974
67450 104.172
67500 104.295
67550 104.391
67600 104.433
67650 104.508
67700 104.563
67750 104.691
67800 104.695
67850 104.594
67900 104.438
67950 104.289
68000 104.351
68050 104.442
68100 104.558
68150 104.682
68200 104.745
68250 104.858
68300 104.778
68350 104.75
68400 104.749
68450 104.692
68500 104.575
68550 104.591
68600 104.486
68650 104.586
68700 104.645
68750 104.733
68800 104.911
68850 105.114
68900 105.252
68950 105.275
69000 105.441
69050 105.54
69100 105.559
69150 105.481
69200 105.33
69250 105.332
69300 105.346
69350 105.355
69400 105.436
69450 105.695
69500 105.934
69550 106.112
69600 106.324
69650 106.448
69700 106.482
69750 106.504
69800 106.528
69850 106.546
69900 106.535
69950 106.567
70000 106.531
70050 106.593
70100 106.622
70150 106.665
70200 106.658
70250 106.667
70300 106.487
70350 106.346
70400 106.21
70450 106.315
70500 106.494
70550 106.706
70600 107.03
70650 107.228
70700 107.328
70750 107.327
70800 107.236
70850 107.145
70900 107.124
70950 107.094
71000 107.328
71050 107.507
71100 107.644
71150 107.896
71200 108.225
71250 108.404
71300 108.525
71350 108.602
71400 108.652
71450 108.673
71500 108.712
71550 108.845
71600 109.025
71650 109.079
71700 109.272
71750 109.557
71800 109.667
71850 109.693
71900 109.652
71950 109.66
72000 109.796
72050 109.884
72100 110.042
72150 110.008
72200 109.774
72250 109.632
72300 109.514
72350 109.457
72400 109.41
72450 109.402
72500 109.295
72550 109.155
72600 109.224
72650 109.352
72700 109.48
72750 109.65
72800 109.86
72850 110.002
72900 109.998
72950 110.161
73000 110.164
73050 110.18
73100 110.219
73150 110.086
73200 109.903
73250 109.645
73300 109.464
73350 109.257
73400 109.146
73450 109.084
73500 109.195
73550 109.37
73600 109.653
73650 109.897
73700 109.967
73750 110.126
73800 110.163
73850 110.105
73900 110.318
73950 110.507
74000 110.531
74050 110.413
74100 110.419
74150 110.582
74200 110.86
74250 111.219
74300 111.456
74350 111.556
74400 111.584
74450 111.59
74500 111.623
74550 111.818
74600 112.025
74650 112.311
74700 112.44
74750 112.585
74800 112.758
74850 112.999
74900 113.055
74950 113.057
75000 113.158
75050 113.215
75100 113.305
75150 113.441
75200 113.675
75250 113.939
75300 113.995
75350 114.034
75400 114.059
75450 114.212
75500 114.347
75550 114.483
75600 114.581
75650 114.613
75700 114.638
75750 114.96
75800 115.109
75850 115.242
75900 115.341
75950 115.537
76000 115.639
76050 115.741
76100 115.825
76150 115.973
76200 116.141
76250 116.244
76300 116.292
76350 116.323
76400 116.493
76450 116.547
76500 116.544
76550 116.411
76600 116.289
76650 116.32
76700 116.38
76750 116.409
76800 116.521
76850 116.691
76900 116.85
76950 116.881
77000 116.952
77050 117.018
77100 117.123
77150 117.295
77200 117.516
77250 117.713
77300 117.876
77350 117.945
77400 118.125
77450 118.236
77500 118.361
77550 118.494
77600 118.587
77650 118.94
77700 119.156
77750 119.284
77800 119.347
77850 119.398
77900 119.625
77950 119.831
78000 119.879
78050 119.983
78100 120.132
78150 120.321
78200 120.472
78250 120.397
78300 120.268
78350 120.131
78400 120.074
78450 119.874
78500 119.598
78550 119.537
78600 119.541
78650 119.546
78700 119.508
78750 119.581
78800 119.654
78850 119.724
78900 119.712
78950 119.495
79000 119.294
79050 119.191
79100 119.226
79150 119.249
79200 119.316
79250 119.506
79300 119.614
79350 119.744
79400 119.66
79450 119.555
79500 119.607
79550 119.657
79600 119.621
79650 119.75
79700 119.866
79750 119.986
79800 120.151
79850 120.074
79900 120.022
79950 120.06
80000 119.949
80050 119.772
80100 119.838
80150 119.862
80200 119.908
80250 119.975
80300 119.945
80350 119.668
80400 119.572
80450 119.56
80500 119.539
80550 119.439
80600 119.284
80650 119.149
80700 119.089
80750 119.074
80800 119.084
80850 119.075
80900 119.041
80950 119.097
81000 119.236
81050 119.349
81100 119.349
81150 119.377
81200 119.454
81250 119.521
81300 119.607
81350 119.791
81400 119.962
81450 120.307
81500 120.639
81550 121.104
81600 121.359
81650 121.505
81700 121.574
81750 121.45
81800 121.356
81850 121.247
81900 121.175
81950 121.166
82000 121.071
82050 120.918
82100 120.827
82150 120.729
82200 120.763
82250 120.886
82300 120.959
82350 121.071
82400 121.356
82450 121.713
82500 122.148
82550 122.596
82600 122.981
82650 123.287
82700 123.429
82750 123.824
82800 124.118
82850 124.388
82900 124.632
82950 124.839
83000 125.031
83050 125.155
83100 125.263
83150 125.287
83200 125.407
83250 125.506
83300 125.67
83350 125.797
83400 125.912
83450 125.956
83500 125.837
83550 125.829
83600 125.788
83650 125.807
83700 125.822
83750 125.873
83800 125.97
83850 125.997
83900 125.983
83950 125.946
84000 125.78
84050 125.65
84100 125.506
84150 125.513
84200 125.578
84250 125.684
84300 125.714
84350 125.703
84400 125.716
84450 125.742
84500 125.799
84550 125.939
84600 126.085
84650 125.996
84700 125.982
84750 125.992
84800 125.987
84850 126.043
84900 126.042
84950 126.046
85000 126.165
85050 126.232
85100 126.444
85150 126.469
85200 126.635
85250 126.695
85300 126.754
85350 126.872
85400 127.052
85450 127.237
85500 127.313
85550 127.57
85600 127.771
85650 127.882
85700 127.906
85750 127.969
85800 128.002
85850 127.991
85900 127.883
85950 127.687
86000 127.684
86050 127.841
86100 127.917
86150 127.934
86200 127.902
86250 127.979
86300 127.948
86350 127.778
86400 127.567
86450 127.327
86500 127.244
86550 127.332
86600 127.445
86650 127.49
86700 127.521
86750 127.458
86800 127.529
86850 127.578
86900 127.718
86950 127.765
87000 127.926
87050 128.213
87100 128.353
87150 128.489
87200 128.627
87250 128.691
87300 128.703
87350 128.777
87400 128.888
87450 128.913
87500 128.725
87550 128.621
87600 128.57
87650 128.442
87700 128.363
87750 128.268
87800 128.164
87850 128.223
87900 128.157
87950 128.139
88000 128.134
88050 128.097
88100 128.081
88150 128.127
88200 128.275
88250 128.419
88300 128.543
88350 128.762
88400 128.864
88450 128.956
88500 129.162
88550 129.379
88600 129.405
88650 129.455
88700 129.653
88750 129.789
88800 129.79
88850 129.732
88900 129.825
88950 129.879
89000 129.81
89050 129.584
89100 129.342
89150 129.16
89200 129.032
89250 129.02
89300 128.941
89350 128.912
89400 129.019
89450 129.066
89500 128.935
89550 128.814
89600 128.7
89650 128.661
89700 128.633
89750 128.776
89800 128.938
89850 129.227
89900 129.359
89950 129.443
90000 129.561
90050 129.688
90100 129.725
90150 129.829
90200 129.863
90250 129.817
90300 129.595
90350 129.501
90400 129.462
90450 129.387
90500 129.376
90550 129.393
90600 129.375
90650 129.443
90700 129.458
90750 129.436
90800 129.504
90850 129.689
90900 129.887
90950 129.944
91000 129.986
91050 130.062
91100 130.135
91150 130.27
91200 130.399
91250 130.533
91300 130.632
91350 130.712
91400 130.784
91450 130.915
91500 130.855
91550 130.917
91600 131.001
91650 131.022
91700 131.11
91750 131.282
91800 131.399
91850 131.442
91900 131.457
91950 131.369
92000 131.213
92050 131.159
92100 131.187
92150 131.167
92200 131.162
92250 131.177
92300 131.09
92350 130.858
92400 130.755
92450 130.736
92500 130.859
92550 130.772
92600 130.734
92650 130.756
92700 130.831
92750 130.917
92800 130.743
92850 130.581
92900 130.302
92950 130.128
93000 130.091
93050 130.196
93100 130.381
93150 130.36
93200 130.305
93250 130.245
93300 130.233
93350 130.073
93400 129.95
93450 129.915
93500 129.941
93550 130.099
93600 130.159
93650 130.307
93700 130.489
93750 130.739
93800 130.952
93850 131.154
93900 131.274
93950 131.405
94000 131.539
94050 131.885
94100 132.174
94150 132.389
94200 132.562
94250 132.832
94300 132.987
94350 133.102
94400 133.291
94450 133.506
94500 133.628
94550 133.838
94600 134.086
94650 134.254
94700 134.284
94750 134.149
94800 134.076
94850 134.171
94900 134.294
94950 134.417
95000 134.573
95050 134.665
95100 134.822
95150 135.149
95200 135.373
95250 135.407
95300 135.551
95350 135.54
95400 135.541
95450 135.648
95500 135.856
95550 135.987
95600 136.053
95650 136.19
95700 136.338
95750 136.342
95800 136.463
95850 136.582
95900 136.531
95950 136.561
96000 136.648
96050 136.8
96100 136.906
96150 137.1
96200 137.444
96250 137.505
96300 137.614
96350 137.77
96400 137.808
96450 137.994
96500 138.097
96550 138.145
96600 138.303
96650 138.325
96700 138.341
96750 138.258
96800 138.006
96850 137.907
96900 137.816
96950 137.868
97000 138.255
97050 138.563
97100 138.825
97150 139.069
97200 139.276
97250 139.384
97300 139.462
97350 139.509
97400 139.553
97450 139.507
97500 139.38
97550 139.347
97600 139.508
97650 139.471
97700 139.556
97750 139.523
97800 139.605
97850 139.754
97900 139.885
97950 140.02
98000 140.115
98050 140.347
98100 140.623
98150 140.815
98200 141.178
98250 141.383
98300 141.458
98350 141.508
98400 141.541
98450 141.427
98500 141.341
98550 141.351
98600 141.472
98650 141.653
98700 141.898
98750 142.267
98800 142.508
98850 142.789
98900 143.096
98950 143.514
99000 143.862
99050 144.099
99100 144.311
99150 144.372
99200 144.584
99250 144.646
99300 144.694
99350 144.595
99400 144.459
99450 144.374
99500 144.343
99550 144.311
99600 144.354
99650 144.378
99700 144.374
99750 144.591
99800 144.767
99850 144.892
99900 144.864
99950 144.824
100000 144.935
