# Time-averaged data for fix msd_avg_all
# TimeStep c_msd_all[4]
0 4.89008e-29
50 0.186141
100 0.511351
150 0.841102
200 1.14851
250 1.43818
300 1.71895
350 1.98924
400 2.2583
450 2.5169
500 2.7564
550 2.98783
600 3.19533
650 3.40193
700 3.62317
750 3.86426
800 4.08583
850 4.31841
900 4.55873
950 4.7869
1000 4.9879
1050 5.19523
1100 5.40236
1150 5.61102
1200 5.81014
1250 6.02995
1300 6.24725
1350 6.46848
1400 6.70363
1450 6.93468
1500 7.16061
1550 7.3222
1600 7.48749
1650 7.63795
1700 7.80231
1750 7.95128
1800 8.13199
1850 8.29363
1900 8.45488
1950 8.59558
2000 8.7254
2050 8.87303
2100 9.07895
2150 9.31715
2200 9.54784
2250 9.73884
2300 9.88968
2350 9.97229
2400 10.0632
2450 10.2217
2500 10.3732
2550 10.4751
2600 10.5897
2650 10.7123
2700 10.8313
2750 10.93
2800 11.0701
2850 11.2002
2900 11.3687
2950 11.5026
3000 11.6331
3050 11.7181
3100 11.808
3150 11.9177
3200 12.0372
3250 12.1775
3300 12.3227
3350 12.4552
3400 12.6623
3450 12.8382
3500 12.9875
3550 13.1406
3600 13.2745
3650 13.4207
3700 13.5538
3750 13.6797
3800 13.853
3850 14.0092
3900 14.1353
3950 14.2773
4000 14.4429
4050 14.6654
4100 14.8534
4150 14.9869
4200 15.0807
4250 15.1831
4300 15.3234
4350 15.4537
4400 15.5723
4450 15.6647
4500 15.6952
4550 15.7723
4600 15.8928
4650 16.0081
4700 16.1079
4750 16.2166
4800 16.2819
4850 16.3024
4900 16.3459
4950 16.4246
5000 16.525
5050 16.6029
5100 16.7197
5150 16.8479
5200 16.9946
5250 17.1772
5300 17.2954
5350 17.4174
5400 17.5999
5450 17.7939
5500 17.9402
5550 18.0956
5600 18.2198
5650 18.4074
5700 18.6431
5750 18.7982
5800 18.9512
5850 19.0736
5900 19.2009
5950 19.3544
6000 19.4848
6050 19.5831
6100 19.7301
6150 19.8431
6200 19.9198
6250 20.0234
6300 20.1071
6350 20.1827
6400 20.2889
6450 20.4245
6500 20.5198
6550 20.6777
6600 20.8632
6650 20.9754
6700 21.1204
6750 21.2207
6800 21.2926
6850 21.3783
6900 21.5281
6950 21.6775
7000 21.8213
7050 21.9862
7100 22.1472
7150 22.2618
7200 22.3641
7250 22.5087
7300 22.6266
7350 22.7632
7400 22.8728
7450 22.8887
7500 22.9598
7550 23.0471
7600 23.0523
7650 23.0688
7700 23.1192
7750 23.236
7800 23.3675
7850 23.4675
7900 23.5038
7950 23.6191
8000 23.7216
8050 23.8487
8100 24.0035
8150 24.1359
8200 24.2219
8250 24.3268
8300 24.4635
8350 24.6243
8400 24.7572
8450 24.8826
8500 25.0014
8550 25.107
8600 25.2086
8650 25.335
8700 25.5199
8750 25.6427
8800 25.7414
8850 25.8084
8900 25.9113
8950 26.066
9000 26.1616
9050 26.2091
9100 26.2419
9150 26.3107
9200 26.5508
9250 26.7427
9300 26.9647
9350 27.2274
9400 27.4419
9450 27.6665
9500 27.8709
9550 28.0334
9600 28.2263
9650 28.3804
9700 28.4214
9750 28.449
9800 28.5635
9850 28.725
9900 28.9036
9950 29.1333
10000 29.3666
10050 29.4857
10100 29.5479
10150 29.6247
10200 29.7665
10250 29.9506
10300 30.1098
10350 30.276
10400 30.4077
10450 30.452
10500 30.4641
10550 30.4998
10600 30.5389
10650 30.6609
10700 30.7939
10750 30.9758
10800 31.0632
10850 31.092
10900 31.1608
10950 31.2091
11000 31.2064
11050 31.22
11100 31.284
11150 31.3907
11200 31.5218
11250 31.638
11300 31.6717
11350 31.6725
11400 31.7236
11450 31.8228
11500 31.9255
11550 32.0201
11600 32.0451
11650 32.0935
11700 32.2047
11750 32.3567
11800 32.3998
11850 32.4204
11900 32.4096
11950 32.4242
12000 32.4614
12050 32.5482
12100 32.6044
12150 32.6693
12200 32.6932
12250 32.7615
12300 32.8523
12350 32.9912
12400 33.0862
12450 33.1793
12500 33.1703
12550 33.1285
12600 33.153
12650 33.2041
12700 33.2905
12750 33.3782
12800 33.4215
12850 33.5083
12900 33.63
12950 33.7465
13000 33.8725
13050 33.9914
13100 34.2081
13150 34.3939
13200 34.5469
13250 34.7359
13300 34.8661
13350 35.0005
13400 35.1231
13450 35.2577
13500 35.469
13550 35.6822
13600 35.9157
13650 36.0775
13700 36.161
13750 36.2432
13800 36.3558
13850 36.4216
13900 36.4313
13950 36.4864
14000 36.5546
14050 36.6471
14100 36.7019
14150 36.7507
14200 36.818
14250 36.9231
14300 37.0218
14350 37.0859
14400 37.2431
14450 37.3832
14500 37.4389
14550 37.5072
14600 37.5182
14650 37.5144
14700 37.501
14750 37.4728
14800 37.4388
14850 37.4754
14900 37.5421
14950 37.5272
15000 37.5343
15050 37.5461
15100 37.6768
15150 37.8347
15200 37.9945
15250 38.0498
15300 38.1528
15350 38.2681
15400 38.3471
15450 38.4025
15500 38.5496
15550 38.6133
15600 38.6716
15650 38.708
15700 38.7757
15750 38.8701
15800 38.9454
15850 38.906
15900 38.9389
15950 38.9947
16000 39.07
16050 39.1746
16100 39.277
16150 39.2924
16200 39.3049
16250 39.3695
16300 39.4105
16350 39.4775
16400 39.5204
16450 39.5575
16500 39.5919
16550 39.6576
16600 39.7608
16650 39.9195
16700 40.0919
16750 40.2312
16800 40.4096
16850 40.6247
16900 40.8443
16950 40.9622
17000 41.0883
17050 41.2235
17100 41.2566
17150 41.4479
17200 41.5771
17250 41.7024
17300 41.745
17350 41.7803
17400 41.8772
17450 41.9798
17500 42.1482
17550 42.1818
17600 42.1621
17650 42.2042
17700 42.2234
17750 42.2682
17800 42.2737
17850 42.3525
17900 42.4944
17950 42.5147
18000 42.5179
18050 42.5876
18100 42.6967
18150 42.8443
18200 42.9903
18250 43.1485
18300 43.2329
18350 43.324
18400 43.4114
18450 43.523
18500 43.6623
18550 43.7592
18600 43.8414
18650 43.8373
18700 43.9232
18750 44.0575
18800 44.2039
18850 44.3323
18900 44.4188
18950 44.5199
19000 44.6546
19050 44.693
19100 44.7433
19150 44.782
19200 44.8822
19250 45.0057
19300 45.17
19350 45.3205
19400 45.4199
19450 45.5444
19500 45.6272
19550 45.7521
19600 45.831
19650 45.848
19700 45.8863
19750 45.942
19800 46.0277
19850 46.1802
19900 46.2475
19950 46.2773
20000 46.374
20050 46.584
20100 46.7905
20150 46.918
20200 46.9711
20250 46.9774
20300 47.0612
20350 47.1213
20400 47.1097
20450 47.2032
20500 47.3197
20550 47.4055
20600 47.5371
20650 47.6501
20700 47.7128
20750 47.6858
20800 47.7141
20850 47.8278
20900 47.9921
20950 48.085
21000 48.2611
21050 48.3957
21100 48.5095
21150 48.629
21200 48.7584
21250 48.799
21300 48.8196
21350 48.9153
21400 48.9347
21450 48.9772
21500 48.9679
21550 48.9934
21600 48.9731
21650 48.9808
21700 48.974
21750 48.967
21800 49.0573
21850 49.0755
21900 49.1036
21950 49.1275
22000 49.2339
22050 49.2861
22100 49.3368
22150 49.3829
22200 49.5158
22250 49.6792
22300 49.9385
22350 50.1334
22400 50.1501
22450 50.214
22500 50.298
22550 50.3293
22600 50.3115
22650 50.3173
22700 50.4187
22750 50.475
22800 50.4165
22850 50.4139
22900 50.4915
22950 50.5796
23000 50.6796
23050 50.8831
23100 51.0321
23150 51.1371
23200 51.3618
23250 51.6483
23300 51.8065
23350 51.9498
23400 52.1296
23450 52.1511
23500 52.1366
23550 52.1427
23600 52.1913
23650 52.3029
23700 52.3409
23750 52.4374
23800 52.5275
23850 52.6952
23900 52.816
23950 52.8293
24000 52.9392
24050 53.0771
24100 53.1519
24150 53.1682
24200 53.2575
24250 53.3132
24300 53.4067
24350 53.4914
24400 53.7235
24450 53.8459
24500 53.9144
24550 53.952
24600 53.9389
24650 53.8986
24700 53.914
24750 53.9054
24800 53.8648
24850 53.8246
24900 53.7646
24950 53.7381
25000 53.6781
25050 53.6506
25100 53.6841
25150 53.6662
25200 53.6996
25250 53.7222
25300 53.7815
25350 53.857
25400 53.9668
25450 54.118
25500 54.2815
25550 54.3394
25600 54.3665
25650 54.3755
25700 54.4205
25750 54.3127
25800 54.2489
25850 54.261
25900 54.2874
25950 54.284
26000 54.201
26050 54.0441
26100 53.9377
26150 54.0479
26200 54.14
26250 54.2507
26300 54.3306
26350 54.3314
26400 54.3366
26450 54.3867
26500 54.428
26550 54.4947
26600 54.4805
26650 54.3269
26700 54.2587
26750 54.2245
26800 54.1849
26850 54.1623
26900 54.1787
26950 54.2515
27000 54.4333
27050 54.5679
27100 54.7806
27150 54.9334
27200 55.0255
27250 55.0516
27300 55.1441
27350 55.2712
27400 55.3591
27450 55.4859
27500 55.6466
27550 55.728
27600 55.8677
27650 55.9487
27700 56.0574
27750 56.1614
27800 56.2862
27850 56.3496
27900 56.4576
27950 56.6032
28000 56.7009
28050 56.6833
28100 56.7647
28150 56.9423
28200 57.0209
28250 57.0474
28300 57.0828
28350 57.1749
28400 57.3124
28450 57.4038
28500 57.4064
28550 57.4307
28600 57.5233
28650 57.4793
28700 57.5359
28750 57.4935
28800 57.4579
28850 57.49
28900 57.5686
28950 57.6431
29000 57.7741
29050 57.9713
29100 58.1784
29150 58.3083
29200 58.4659
29250 58.5928
29300 58.7753
29350 58.9055
29400 59.0197
29450 59.1646
29500 59.3207
29550 59.4253
29600 59.5255
29650 59.6488
29700 59.6891
29750 59.6403
29800 59.6209
29850 59.61
29900 59.589
29950 59.5916
30000 59.6147
30050 59.7039
30100 59.808
30150 59.9166
30200 59.9461
30250 60.029
30300 60.1928
30350 60.3208
30400 60.432
30450 60.5729
30500 60.5947
30550 60.6372
30600 60.6944
30650 60.7394
30700 60.6788
30750 60.8228
30800 60.9802
30850 61.1208
30900 61.2142
30950 61.4099
31000 61.6655
31050 61.9648
31100 62.1443
31150 62.2641
31200 62.4303
31250 62.4699
31300 62.5546
31350 62.6601
31400 62.7073
31450 62.822
31500 62.8981
31550 62.9179
31600 62.943
31650 63.0618
31700 63.2378
31750 63.3928
31800 63.5052
31850 63.6142
31900 63.7512
31950 63.8639
32000 63.9373
32050 64.0366
32100 64.0878
32150 64.1133
32200 64.0788
32250 64.0382
32300 64.0275
32350 64.0855
32400 64.1922
32450 64.4089
32500 64.6047
32550 64.7635
32600 64.8429
32650 64.9822
32700 65.1468
32750 65.2792
32800 65.5
32850 65.6769
32900 65.9424
32950 66.2571
33000 66.6536
33050 66.9882
33100 67.4389
33150 67.7885
33200 68.1128
33250 68.424
33300 68.7249
33350 68.9846
33400 69.0644
33450 69.1971
33500 69.261
33550 69.4556
33600 69.7352
33650 69.9618
33700 70.1546
33750 70.3056
33800 70.3695
33850 70.4539
33900 70.5814
33950 70.7718
34000 70.8541
34050 70.9859
34100 71.1666
34150 71.1703
34200 71.1581
34250 71.1799
34300 71.2722
34350 71.297
34400 71.3737
34450 71.5436
34500 71.632
34550 71.7065
34600 71.7836
34650 71.8281
34700 71.9936
34750 72.1426
34800 72.3265
34850 72.4781
34900 72.6766
34950 72.7204
35000 72.7144
35050 72.7208
35100 72.7276
35150 72.8025
35200 72.8205
35250 72.7829
35300 72.6607
35350 72.6301
35400 72.6823
35450 72.6687
35500 72.6919
35550 72.7363
35600 72.8563
35650 73.0039
35700 73.2954
35750 73.503
35800 73.604
35850 73.7113
35900 73.8395
35950 74.0224
36000 74.2193
36050 74.2941
36100 74.3234
36150 74.3806
36200 74.378
36250 74.4754
36300 74.5627
36350 74.5666
36400 74.7013
36450 74.7388
36500 74.8274
36550 75.0905
36600 75.2884
36650 75.4042
36700 75.546
36750 75.5601
36800 75.5515
36850 75.5302
36900 75.5288
36950 75.5803
37000 75.7475
37050 75.8589
37100 75.8792
37150 75.8819
37200 75.9259
37250 76.0899
37300 76.1636
37350 76.2252
37400 76.2379
37450 76.223
37500 76.0964
37550 76.1517
37600 76.386
37650 76.6052
37700 76.6872
37750 76.7999
37800 76.9414
37850 77.0962
37900 77.1229
37950 77.208
38000 77.3503
38050 77.4221
38100 77.5118
38150 77.6305
38200 77.7649
38250 77.8019
38300 77.7508
38350 77.6615
38400 77.5082
38450 77.3789
38500 77.3482
38550 77.4854
38600 77.619
38650 77.8186
38700 77.913
38750 77.9688
38800 78.182
38850 78.4133
38900 78.5299
38950 78.5801
39000 78.7971
39050 78.8671
39100 78.8959
39150 78.9549
39200 79.1247
39250 79.3055
39300 79.5141
39350 79.6967
39400 79.7028
39450 79.6143
39500 79.5947
39550 79.6703
39600 79.751
39650 79.8312
39700 79.9945
39750 79.9955
39800 79.9826
39850 80.0893
39900 80.2996
39950 80.3386
40000 80.4518
40050 80.6495
40100 80.722
40150 80.7846
40200 80.9335
40250 81.2035
40300 81.4698
40350 81.5689
40400 81.7526
40450 81.9961
40500 82.2894
40550 82.5897
40600 82.8699
40650 83.072
40700 83.2697
40750 83.4268
40800 83.6304
40850 83.9042
40900 84.0838
40950 84.3334
41000 84.4499
41050 84.4745
41100 84.5124
41150 84.5501
41200 84.5877
41250 84.6336
41300 84.6905
41350 84.8124
41400 84.8402
41450 84.8049
41500 84.8367
41550 84.8352
41600 84.9779
41650 85.06
41700 85.105
41750 85.0541
41800 85.0451
41850 85.2416
41900 85.5004
41950 85.747
42000 85.9702
42050 86.1396
42100 86.2566
42150 86.4292
42200 86.6124
42250 86.8299
42300 87.0329
42350 87.2896
42400 87.4998
42450 87.6488
42500 87.8128
42550 87.9849
42600 88.1498
42650 88.2767
42700 88.4268
42750 88.6822
42800 88.9124
42850 89.0374
42900 89.1022
42950 89.0484
43000 89.0915
43050 89.1327
43100 89.2253
43150 89.3011
43200 89.4059
43250 89.555
43300 89.6732
43350 89.7121
43400 89.7337
43450 89.693
43500 89.6176
43550 89.4871
43600 89.3152
43650 89.1209
43700 88.9676
43750 88.8526
43800 88.8816
43850 88.971
43900 89.013
43950 88.957
44000 88.9264
44050 88.9814
44100 88.9776
44150 88.8788
44200 88.8616
44250 89.027
44300 89.0773
44350 88.9766
44400 88.8938
44450 88.8808
44500 88.9292
44550 88.9732
44600 88.9428
44650 88.9033
44700 89.0213
44750 89.1218
44800 89.4006
44850 89.6765
44900 89.9425
44950 90.1402
45000 90.3202
45050 90.5545
45100 90.7142
45150 90.8183
45200 90.9261
45250 90.9522
45300 90.8819
45350 90.9061
45400 91.0572
45450 91.1048
45500 91.1772
45550 91.3965
45600 91.5913
45650 91.5809
45700 91.5355
45750 91.7111
45800 91.8317
45850 91.8224
45900 91.7745
45950 91.7308
46000 91.5079
46050 91.3654
46100 91.3552
46150 91.3593
46200 91.4793
46250 91.4957
46300 91.4597
46350 91.4813
46400 91.6256
46450 91.6276
46500 91.5938
46550 91.6217
46600 91.7964
46650 91.8819
46700 91.9667
46750 91.9546
46800 92.0793
46850 92.1362
46900 92.1317
46950 92.0594
47000 92.0036
47050 91.945
47100 91.9313
47150 92.0147
47200 92.1187
47250 92.2187
47300 92.3389
47350 92.4963
47400 92.6705
47450 92.7925
47500 92.7604
47550 92.7124
47600 92.747
47650 92.8014
47700 92.8991
47750 93.0455
47800 93.1684
47850 93.4228
47900 93.497
47950 93.6372
48000 93.7618
48050 93.7071
48100 93.7084
48150 93.6392
48200 93.6681
48250 93.6836
48300 93.6335
48350 93.6048
48400 93.4832
48450 93.4192
48500 93.4301
48550 93.5302
48600 93.595
48650 93.5696
48700 93.5889
48750 93.6273
48800 93.6046
48850 93.5648
48900 93.5425
48950 93.6172
49000 93.8193
49050 94.144
49100 94.3826
49150 94.5401
49200 94.5613
49250 94.5457
49300 94.648
49350 94.6967
49400 94.7021
49450 94.7794
49500 94.8393
49550 95.0281
49600 95.1866
49650 95.2594
49700 95.4329
49750 95.7622
49800 95.9645
49850 96.0875
49900 96.3283
49950 96.5953
50000 96.797
50050 96.9365
50100 96.9912
50150 97.1058
50200 97.4323
50250 97.7327
50300 97.8683
50350 98.0466
50400 98.1814
50450 98.237
50500 98.3482
50550 98.3615
50600 98.3347
50650 98.3303
50700 98.4319
50750 98.6225
50800 98.7241
50850 98.6798
50900 98.7105
50950 98.7453
51000 98.7867
51050 98.8959
51100 98.9669
51150 98.9272
51200 98.9499
51250 98.9799
51300 99.0925
51350 99.1443
51400 99.2507
51450 99.2423
51500 99.106
51550 99.0221
51600 98.9925
51650 99.0482
51700 98.9802
51750 98.9657
51800 98.9195
51850 98.8587
51900 98.7883
51950 98.7863
52000 98.8943
52050 99.0555
52100 99.2419
52150 99.3633
52200 99.4469
52250 99.4775
52300 99.4795
52350 99.5117
52400 99.6733
52450 99.8737
52500 100.128
52550 100.334
52600 100.469
52650 100.648
52700 100.84
52750 100.894
52800 100.963
52850 101.06
52900 101.185
52950 101.12
53000 100.904
53050 100.727
53100 100.579
53150 100.498
53200 100.488
53250 100.447
53300 100.536
53350 100.581
53400 100.549
53450 100.456
53500 100.489
53550 100.572
53600 100.658
53650 100.575
53700 100.518
53750 100.57
53800 100.614
53850 100.683
53900 100.815
53950 100.752
54000 100.831
54050 100.883
54100 100.94
54150 101.026
54200 101.187
54250 101.24
54300 101.188
54350 101.207
54400 101.152
54450 101.176
54500 101.343
54550 101.459
54600 101.642
54650 101.829
54700 101.968
54750 101.997
54800 102.102
54850 102.168
54900 102.117
54950 101.988
55000 102.057
55050 102.138
55100 102.267
55150 102.293
55200 102.424
55250 102.586
55300 102.83
55350 103.192
55400 103.318
55450 103.295
55500 103.376
55550 103.446
55600 103.387
55650 103.341
55700 103.179
55750 103.04
55800 102.874
55850 102.868
55900 102.807
55950 102.743
56000 102.735
56050 102.807
56100 102.882
56150 102.956
56200 102.987
56250 102.971
56300 102.885
56350 102.866
56400 102.894
56450 102.959
56500 103.038
56550 103.084
56600 103.17
56650 103.047
56700 103.027
56750 103.143
56800 103.316
56850 103.514
56900 103.665
56950 103.787
57000 103.912
57050 104.047
57100 104.136
57150 104.246
57200 104.404
57250 104.609
57300 104.812
57350 104.989
57400 105.03
57450 105.049
57500 105.134
57550 105.257
57600 105.292
57650 105.326
57700 105.49
57750 105.546
57800 105.586
57850 105.571
57900 105.564
57950 105.648
58000 105.651
58050 105.675
58100 105.785
58150 105.806
58200 105.858
58250 105.844
58300 105.832
58350 105.888
58400 105.829
58450 105.827
58500 105.867
58550 105.765
58600 105.624
58650 105.63
58700 105.669
58750 105.748
58800 105.853
58850 105.95
58900 105.989
58950 105.98
59000 105.921
59050 105.869
59100 105.755
59150 105.68
59200 105.612
59250 105.569
59300 105.52
59350 105.484
59400 105.423
59450 105.373
59500 105.298
59550 105.234
59600 105.16
59650 105.083
59700 105.061
59750 105.086
59800 105.135
59850 105.09
59900 105.067
59950 105.189
60000 105.245
60050 105.317
60100 105.364
60150 105.337
60200 105.427
60250 105.47
60300 105.456
60350 105.479
60400 105.556
60450 105.781
60500 105.886
60550 105.849
60600 105.875
60650 105.862
60700 105.848
60750 106.034
60800 106.211
60850 106.38
60900 106.487
60950 106.55
61000 106.653
61050 106.67
61100 106.672
61150 106.573
61200 106.641
61250 106.734
61300 106.589
61350 106.539
61400 106.46
61450 106.546
61500 106.777
61550 107.026
61600 107.206
61650 107.354
61700 107.446
61750 107.588
61800 107.868
61850 108.234
61900 108.58
61950 108.749
62000 108.897
62050 109.104
62100 109.228
62150 109.366
62200 109.532
62250 109.835
62300 110.168
62350 110.43
62400 110.718
62450 111.058
62500 111.306
62550 111.5
62600 111.724
62650 111.868
62700 112.111
62750 112.2
62800 112.423
62850 112.587
62900 112.714
62950 112.74
63000 112.88
63050 112.913
63100 112.914
63150 112.873
63200 112.633
63250 112.509
63300 112.463
63350 112.417
63400 112.336
63450 112.362
63500 112.567
63550 112.846
63600 113.201
63650 113.439
63700 113.516
63750 113.48
63800 113.442
63850 113.439
63900 113.464
63950 113.557
64000 113.68
64050 113.711
64100 113.559
64150 113.282
64200 112.948
64250 112.783
64300 112.659
64350 112.413
64400 112.118
64450 111.914
64500 111.836
64550 111.768
64600 111.808
64650 111.961
64700 112.256
64750 112.422
64800 112.477
64850 112.452
64900 112.6
64950 112.727
65000 112.868
65050 113.084
65100 113.328
65150 113.339
65200 113.347
65250 113.519
65300 113.688
65350 113.861
65400 114.11
65450 114.281
65500 114.388
65550 114.476
65600 114.55
65650 114.681
65700 114.982
65750 115.216
65800 115.369
65850 115.573
65900 115.803
65950 116.166
66000 116.464
66050 116.777
66100 117.049
66150 117.052
66200 117.191
66250 117.268
66300 117.347
66350 117.432
66400 117.355
66450 117.333
66500 117.304
66550 117.235
66600 117.152
66650 117.078
66700 116.973
66750 116.77
66800 116.627
66850 116.533
66900 116.373
66950 116.357
67000 116.531
67050 116.764
67100 116.863
67150 117.02
67200 117.247
67250 117.544
67300 117.731
67350 117.898
67400 118.056
67450 118.205
67500 118.36
67550 118.533
67600 118.673
67650 118.827
67700 118.884
67750 118.888
67800 118.942
67850 119.035
67900 119.131
67950 119.209
68000 119.244
68050 119.343
68100 119.584
68150 119.613
68200 119.725
68250 119.875
68300 120.049
68350 120.172
68400 120.236
68450 120.342
68500 120.377
68550 120.439
68600 120.469
68650 120.492
68700 120.459
68750 120.544
68800 120.636
68850 120.715
68900 120.759
68950 120.859
69000 120.91
69050 120.935
69100 121.073
69150 121.323
69200 121.555
69250 121.691
69300 121.718
69350 121.696
69400 121.865
69450 122.08
69500 122.158
69550 122.085
69600 121.804
69650 121.562
69700 121.34
69750 121.343
69800 121.458
69850 121.589
69900 121.599
69950 121.691
70000 121.77
70050 121.811
70100 121.769
70150 121.754
70200 121.811
70250 122.086
70300 122.258
70350 122.545
70400 122.749
70450 123.1
70500 123.494
70550 123.797
70600 123.949
70650 124.064
70700 124.275
70750 124.462
70800 124.496
70850 124.761
70900 125.003
70950 125.099
71000 125.094
71050 125.021
71100 124.956
71150 124.807
71200 124.666
71250 124.712
71300 124.761
71350 124.851
71400 124.716
71450 124.57
71500 124.52
71550 124.548
71600 124.598
71650 124.658
71700 124.663
71750 124.607
71800 124.595
71850 124.582
71900 124.633
71950 124.754
72000 124.875
72050 124.957
72100 125.01
72150 125.047
72200 124.842
72250 124.805
72300 124.794
72350 124.783
72400 124.622
72450 124.565
72500 124.544
72550 124.626
72600 124.698
72650 124.635
72700 124.653
72750 124.697
72800 124.723
72850 124.635
72900 124.591
72950 124.566
73000 124.463
73050 124.455
73100 124.483
73150 124.63
73200 124.827
73250 124.845
73300 124.983
73350 125.135
73400 125.302
73450 125.431
73500 125.624
73550 125.823
73600 125.994
73650 126.142
73700 126.195
73750 126.179
73800 126.126
73850 126.05
73900 125.983
73950 125.701
74000 125.49
74050 125.215
74100 125.084
74150 124.937
74200 124.791
74250 124.654
74300 124.406
74350 124.234
74400 124.126
74450 123.958
74500 123.748
74550 123.684
74600 123.699
74650 123.548
74700 123.442
74750 123.305
74800 123.154
74850 122.953
74900 122.908
74950 123.043
75000 123.149
75050 123.078
75100 123.148
75150 123.061
75200 123.072
75250 123.159
75300 123.301
75350 123.296
75400 123.29
75450 123.251
75500 123.24
75550 123.208
75600 123.272
75650 123.489
75700 123.546
75750 123.462
75800 123.353
75850 123.213
75900 123.125
75950 122.922
76000 122.678
76050 122.551
76100 122.556
76150 122.442
76200 122.277
76250 122.133
76300 121.99
76350 121.821
76400 121.657
76450 121.522
76500 121.421
76550 121.456
76600 121.434
76650 121.496
76700 121.372
76750 121.341
76800 121.372
76850 121.344
76900 121.203
76950 120.973
77000 120.774
77050 120.632
77100 120.583
77150 120.687
77200 120.777
77250 120.832
77300 120.941
77350 121.007
77400 121.072
77450 121.085
77500 121.154
77550 121.178
77600 121.119
77650 121.017
77700 121.046
77750 121.318
77800 121.407
77850 121.273
77900 121.195
77950 121.267
78000 121.318
78050 121.341
78100 121.434
78150 121.405
78200 121.325
78250 121.388
78300 121.479
78350 121.579
78400 121.763
78450 121.843
78500 121.935
78550 121.976
78600 122.09
78650 122.228
78700 122.468
78750 122.683
78800 122.871
78850 123.032
78900 123.179
78950 123.184
79000 123.104
79050 123.07
79100 123.178
79150 123.255
79200 123.356
79250 123.672
79300 123.981
79350 124.276
79400 124.579
79450 124.832
79500 125.004
79550 125.134
79600 125.136
79650 125.19
79700 125.353
79750 125.502
79800 125.511
79850 125.58
79900 125.682
79950 125.869
80000 125.899
80050 125.859
80100 126.005
80150 126.212
80200 126.269
80250 126.339
80300 126.397
80350 126.375
80400 126.356
80450 126.148
80500 125.88
80550 125.711
80600 125.617
80650 125.621
80700 125.703
80750 125.805
80800 125.876
80850 125.945
80900 125.908
80950 125.879
81000 125.829
81050 125.87
81100 125.869
81150 126.037
81200 126.315
81250 126.447
81300 126.675
81350 126.737
81400 126.753
81450 126.682
81500 126.635
81550 126.683
81600 126.889
81650 126.985
81700 126.969
81750 126.757
81800 126.794
81850 126.822
81900 126.889
81950 126.961
82000 127.035
82050 127.078
82100 127.02
82150 127.08
82200 127.169
82250 127.06
82300 126.808
82350 126.736
82400 126.711
82450 126.769
82500 126.963
82550 127.048
82600 127.125
82650 127.11
82700 127.008
82750 127.11
82800 127.215
82850 127.158
82900 127.249
82950 127.313
83000 127.416
83050 127.519
83100 127.541
83150 127.634
83200 127.789
83250 127.918
83300 127.991
83350 128.109
83400 128.209
83450 128.413
83500 128.675
83550 128.801
83600 128.868
83650 128.961
83700 128.987
83750 129.1
83800 129.056
83850 128.963
83900 129.02
83950 129.084
84000 129.416
84050 129.559
84100 129.691
84150 129.892
84200 130.035
84250 130.079
84300 130.254
84350 130.53
84400 130.73
84450 130.726
84500 130.676
84550 130.678
84600 130.749
84650 131.07
84700 131.232
84750 131.391
84800 131.619
84850 131.802
84900 132.014
84950 132.304
85000 132.552
85050 132.652
85100 132.853
85150 133.124
85200 133.165
85250 133.278
85300 133.255
85350 133.326
85400 133.391
85450 133.52
85500 133.648
85550 133.904
85600 134.191
85650 134.467
85700 134.643
85750 134.879
85800 134.873
85850 134.998
85900 135.029
85950 135.235
86000 135.371
86050 135.454
86100 135.547
86150 135.521
86200 135.456
86250 135.502
86300 135.565
86350 135.75
86400 135.992
86450 136.143
86500 136.169
86550 136.125
86600 136.093
86650 136.19
86700 136.248
86750 136.304
86800 136.429
86850 136.637
86900 136.851
86950 136.89
87000 136.933
87050 137.018
87100 137.169
87150 137.378
87200 137.416
87250 137.412
87300 137.482
87350 137.579
87400 137.735
87450 137.944
87500 138.204
87550 138.326
87600 138.28
87650 138.258
87700 138.238
87750 138.016
87800 137.808
87850 137.676
87900 137.624
87950 137.671
88000 137.563
88050 137.483
88100 137.572
88150 137.679
88200 137.9
88250 138.148
88300 138.292
88350 138.368
88400 138.425
88450 138.49
88500 138.653
88550 138.799
88600 138.941
88650 138.821
88700 138.675
88750 138.765
88800 138.833
88850 138.944
88900 138.956
88950 139.015
89000 138.887
89050 138.677
89100 138.66
89150 138.683
89200 138.621
89250 138.568
89300 138.631
89350 138.658
89400 138.52
89450 138.382
89500 138.149
89550 138.101
89600 138.211
89650 138.364
89700 138.354
89750 138.399
89800 138.391
89850 138.387
89900 138.286
89950 138.407
90000 138.607
90050 138.703
90100 138.975
90150 139.091
90200 139.09
90250 139.016
90300 138.895
90350 139.066
90400 139.086
90450 139.088
90500 139.036
90550 139.068
90600 139.164
90650 139.159
90700 139.118
90750 139.037
90800 139.166
90850 139.314
90900 139.554
90950 139.782
91000 140.057
91050 140.407
91100 140.654
91150 140.915
91200 141.022
91250 140.985
91300 140.936
91350 141.025
91400 141.184
91450 141.202
91500 140.997
91550 140.794
91600 140.69
91650 140.631
91700 140.598
91750 140.547
91800 140.622
91850 140.663
91900 140.602
91950 140.627
92000 140.832
92050 140.91
92100 140.971
92150 140.966
92200 140.898
92250 141.006
92300 141.076
92350 141.302
92400 141.441
92450 141.612
92500 141.692
92550 141.749
92600 141.914
92650 142.058
92700 142.044
92750 141.958
92800 142.021
92850 142.037
92900 142.087
92950 142.103
93000 142.2
93050 142.105
93100 141.899
93150 141.859
93200 141.847
93250 141.903
93300 141.911
93350 141.796
93400 141.806
93450 141.905
93500 142.054
93550 142.271
93600 142.374
93650 142.641
93700 142.993
93750 143.249
93800 143.321
93850 143.455
93900 143.642
93950 143.69
94000 143.686
94050 143.769
94100 143.872
94150 144.047
94200 144.012
94250 144.067
94300 144.141
94350 144.273
94400 144.439
94450 144.464
94500 144.661
94550 144.889
94600 145.074
94650 145.138
94700 145.078
94750 145.202
94800 145.137
94850 145.106
94900 145.05
94950 144.924
95000 144.728
95050 144.705
95100 144.683
95150 144.615
95200 144.538
95250 144.399
95300 144.184
95350 144.02
95400 143.932
95450 143.815
95500 143.786
95550 143.729
95600 143.636
95650 143.5
95700 143.404
95750 143.407
95800 143.584
95850 143.672
95900 143.839
95950 143.915
96000 143.923
96050 143.958
96100 144.003
96150 144.147
96200 144.293
96250 144.356
96300 144.387
96350 144.631
96400 144.737
96450 144.611
96500 144.617
96550 144.655
96600 144.71
96650 144.744
96700 144.75
96750 144.797
96800 144.909
96850 144.949
96900 144.762
96950 144.651
97000 144.656
97050 144.532
97100 144.343
97150 144.258
97200 144.382
97250 144.524
97300 144.746
97350 144.963
97400 144.926
97450 144.776
97500 144.697
97550 144.538
97600 144.582
97650 144.558
97700 144.494
97750 144.41
97800 144.458
97850 144.535
97900 144.62
97950 144.69
98000 144.807
98050 144.837
98100 144.706
98150 144.593
98200 144.425
98250 144.336
98300 144.24
98350 144.092
98400 144.007
98450 143.961
98500 143.844
98550 143.695
98600 143.616
98650 143.545
98700 143.452
98750 143.561
98800 143.744
98850 143.933
98900 144.056
98950 144.102
99000 144.143
99050 144.248
99100 144.237
99150 144.282
99200 144.449
99250 144.65
99300 145.063
99350 145.442
99400 145.734
99450 145.883
99500 146.128
99550 146.163
99600 146.338
99650 146.618
99700 146.838
99750 146.989
99800 147.082
99850 147.087
99900 147.014
99950 146.854
100000 146.741
