# Time-averaged data for fix msd_avg_all
# TimeStep c_msd_all[4]
0 4.6411e-29
50 0.185866
100 0.508166
150 0.827061
200 1.1156
250 1.38064
300 1.64226
350 1.91091
400 2.1546
450 2.35799
500 2.57154
550 2.77783
600 3.00712
650 3.21677
700 3.44812
750 3.66623
800 3.8692
850 4.06303
900 4.24254
950 4.40986
1000 4.60778
1050 4.80885
1100 4.98758
1150 5.18
1200 5.36353
1250 5.52062
1300 5.66465
1350 5.84286
1400 6.02916
1450 6.21166
1500 6.38716
1550 6.54555
1600 6.68286
1650 6.81896
1700 6.92841
1750 7.04694
1800 7.16943
1850 7.30294
1900 7.39614
1950 7.46275
2000 7.55268
2050 7.67041
2100 7.796
2150 7.87291
2200 7.90248
2250 7.97482
2300 8.05491
2350 8.14278
2400 8.20958
2450 8.25827
2500 8.34412
2550 8.46494
2600 8.55099
2650 8.632
2700 8.7236
2750 8.83473
2800 8.91584
2850 8.96524
2900 9.03349
2950 9.12214
3000 9.21578
3050 9.29661
3100 9.36286
3150 9.47165
3200 9.6057
3250 9.7299
3300 9.83989
3350 9.94521
3400 10.0459
3450 10.1689
3500 10.2834
3550 10.4462
3600 10.5859
3650 10.6731
3700 10.7324
3750 10.7832
3800 10.8778
3850 10.9627
3900 11.0456
3950 11.1196
4000 11.2086
4050 11.2952
4100 11.393
4150 11.5064
4200 11.6143
4250 11.7374
4300 11.8489
4350 11.9517
4400 12.0441
4450 12.141
4500 12.2542
4550 12.3226
4600 12.354
4650 12.4201
4700 12.4961
4750 12.5934
4800 12.6899
4850 12.7802
4900 12.8795
4950 12.9813
5000 13.1139
5050 13.2316
5100 13.3549
5150 13.4188
5200 13.533
5250 13.6532
5300 13.7726
5350 13.8644
5400 13.9349
5450 14.0439
5500 14.1493
5550 14.2199
5600 14.2508
5650 14.2997
5700 14.3703
5750 14.4672
5800 14.5239
5850 14.5998
5900 14.692
5950 14.7823
6000 14.8882
6050 14.9849
6100 15.0438
6150 15.1294
6200 15.1897
6250 15.2386
6300 15.2795
6350 15.3364
6400 15.3935
6450 15.4337
6500 15.468
6550 15.5189
6600 15.5651
6650 15.6404
6700 15.7063
6750 15.8115
6800 15.8243
6850 15.8317
6900 15.8385
6950 15.8712
7000 15.9442
7050 16.0098
7100 16.0697
7150 16.1188
7200 16.1634
7250 16.2194
7300 16.2789
7350 16.3569
7400 16.436
7450 16.4733
7500 16.5763
7550 16.6884
7600 16.7897
7650 16.8964
7700 16.9672
7750 17.0199
7800 17.0041
7850 16.9787
7900 17.0101
7950 17.0689
8000 17.1581
8050 17.2942
8100 17.4397
8150 17.5503
8200 17.676
8250 17.788
8300 17.8963
8350 18.0082
8400 18.0966
8450 18.1869
8500 18.2134
8550 18.2402
8600 18.2594
8650 18.2788
8700 18.3785
8750 18.4419
8800 18.5078
8850 18.5778
8900 18.677
8950 18.7284
9000 18.8208
9050 18.9569
9100 19.0629
9150 19.1088
9200 19.1743
9250 19.1616
9300 19.1581
9350 19.1616
9400 19.195
9450 19.2751
9500 19.329
9550 19.3775
9600 19.4317
9650 19.5096
9700 19.5729
9750 19.581
9800 19.5553
9850 19.5513
9900 19.4991
9950 19.4469
10000 19.4079
10050 19.3781
10100 19.4092
10150 19.4724
10200 19.5219
10250 19.585
10300 19.6229
10350 19.7432
10400 19.8546
10450 19.9508
10500 20.0203
10550 20.078
10600 20.1833
10650 20.2669
10700 20.317
10750 20.4617
10800 20.5069
10850 20.5453
10900 20.6003
10950 20.7226
11000 20.8841
11050 21.0501
11100 21.1921
11150 21.3293
11200 21.5065
11250 21.6387
11300 21.7286
11350 21.7729
11400 21.8101
11450 21.8447
11500 21.8911
11550 21.9914
11600 22.0937
11650 22.2238
11700 22.3609
11750 22.5234
11800 22.6732
11850 22.7748
11900 22.9092
11950 23.0429
12000 23.1392
12050 23.1738
12100 23.1979
12150 23.2725
12200 23.3497
12250 23.4267
12300 23.5505
12350 23.6453
12400 23.7661
12450 23.9238
12500 24.1267
12550 24.2997
12600 24.3265
12650 24.2906
12700 24.3009
12750 24.3257
12800 24.3272
12850 24.2804
12900 24.2921
12950 24.3016
13000 24.3312
13050 24.4159
13100 24.5387
13150 24.7024
13200 24.8254
13250 24.8342
13300 24.8154
13350 24.7675
13400 24.7736
13450 24.8055
13500 24.8113
13550 24.8815
13600 24.9296
13650 24.9476
13700 24.9409
13750 24.9883
13800 25.0816
13850 25.152
13900 25.2683
13950 25.3537
14000 25.412
14050 25.4515
14100 25.4982
14150 25.5024
14200 25.5431
14250 25.5794
14300 25.5576
14350 25.5981
14400 25.5468
14450 25.5201
14500 25.4441
14550 25.3868
14600 25.4016
14650 25.478
14700 25.5533
14750 25.6418
14800 25.7236
14850 25.8537
14900 25.9138
14950 25.9256
15000 25.9163
15050 25.9911
15100 26.0953
15150 26.1386
15200 26.1628
15250 26.1613
15300 26.0452
15350 26.0246
15400 26.0537
15450 25.9677
15500 25.9186
15550 25.8871
15600 25.866
15650 25.8891
15700 25.9446
15750 26.0255
15800 26.1052
15850 26.2015
15900 26.3121
15950 26.3759
16000 26.4874
16050 26.5123
16100 26.5406
16150 26.5882
16200 26.6799
16250 26.7624
16300 26.8028
16350 26.8798
16400 26.9434
16450 26.9453
16500 26.9808
16550 27.023
16600 27.0136
16650 26.957
16700 26.9873
16750 27.0167
16800 26.9667
16850 26.9805
16900 27.0641
16950 27.19
17000 27.2496
17050 27.338
17100 27.4497
17150 27.5605
17200 27.6831
17250 27.8033
17300 27.9452
17350 28.0823
17400 28.1454
17450 28.1573
17500 28.1999
17550 28.3145
17600 28.3771
17650 28.4117
17700 28.3886
17750 28.4155
17800 28.4994
17850 28.56
17900 28.7054
17950 28.826
18000 28.9516
18050 29.1429
18100 29.3087
18150 29.4574
18200 29.5305
18250 29.5218
18300 29.5471
18350 29.6259
18400 29.6639
18450 29.7636
18500 29.7728
18550 29.7511
18600 29.7843
18650 29.8448
18700 29.934
18750 29.9963
18800 29.9782
18850 29.9536
18900 29.9839
18950 30.0255
19000 30.0599
19050 30.1764
19100 30.3301
19150 30.4455
19200 30.5575
19250 30.7156
19300 30.9538
19350 31.1732
19400 31.3587
19450 31.4721
19500 31.6287
19550 31.7143
19600 31.7584
19650 31.7856
19700 31.8142
19750 31.8467
19800 31.8872
19850 31.916
19900 31.9852
19950 32.1443
20000 32.2981
20050 32.4498
20100 32.659
20150 32.7814
20200 32.8792
20250 33.004
20300 33.1193
20350 33.1976
20400 33.3314
20450 33.4959
20500 33.6217
20550 33.7163
20600 33.7994
20650 33.9442
20700 34.0677
20750 34.1579
20800 34.2019
20850 34.3758
20900 34.5374
20950 34.7158
21000 34.8592
21050 34.9595
21100 35.0424
21150 35.1577
21200 35.2785
21250 35.3689
21300 35.4962
21350 35.5956
21400 35.7009
21450 35.7252
21500 35.7624
21550 35.8661
21600 35.8915
21650 35.8897
21700 35.9829
21750 36.0921
21800 36.176
21850 36.2739
21900 36.3817
21950 36.4575
22000 36.5999
22050 36.7578
22100 36.8219
22150 36.8444
22200 36.8823
22250 36.9443
22300 37.07
22350 37.1927
22400 37.2322
22450 37.2537
22500 37.3201
22550 37.4186
22600 37.511
22650 37.6136
22700 37.659
22750 37.7061
22800 37.6642
22850 37.7399
22900 37.8388
22950 37.8397
23000 37.8868
23050 37.9621
23100 37.9647
23150 37.9763
23200 38.0195
23250 38.0587
23300 38.1427
23350 38.2397
23400 38.3428
23450 38.417
23500 38.4392
23550 38.4795
23600 38.5702
23650 38.6394
23700 38.7469
23750 38.8202
23800 38.9404
23850 38.9651
23900 38.8552
23950 38.7925
24000 38.7609
24050 38.7429
24100 38.7315
24150 38.6765
24200 38.578
24250 38.5375
24300 38.4478
24350 38.371
24400 38.3937
24450 38.3663
24500 38.3542
24550 38.3724
24600 38.4347
24650 38.4668
24700 38.5695
24750 38.7186
24800 38.8038
24850 38.8973
24900 39.0736
24950 39.2531
25000 39.4582
25050 39.5875
25100 39.6101
25150 39.6511
25200 39.6773
25250 39.7266
25300 39.822
25350 39.8636
25400 39.8954
25450 40.0043
25500 40.1446
25550 40.2879
25600 40.3294
25650 40.3915
25700 40.5229
25750 40.5577
25800 40.6294
25850 40.6717
25900 40.6755
25950 40.759
26000 40.8136
26050 40.8089
26100 40.8348
26150 40.9013
26200 40.948
26250 41.0532
26300 41.1144
26350 41.1617
26400 41.2287
26450 41.3529
26500 41.4115
26550 41.4451
26600 41.4201
26650 41.5193
26700 41.5925
26750 41.6855
26800 41.7558
26850 41.7941
26900 41.8464
26950 41.8467
27000 41.8407
27050 41.8499
27100 41.814
27150 41.8394
27200 41.8123
27250 41.9009
27300 41.9852
27350 42.0854
27400 42.1491
27450 42.185
27500 42.2631
27550 42.4938
27600 42.6511
27650 42.8164
27700 42.9116
27750 43.0294
27800 43.0854
27850 43.202
27900 43.3613
27950 43.4824
28000 43.5751
28050 43.7163
28100 43.9166
28150 44.0884
28200 44.1888
28250 44.2838
28300 44.2774
28350 44.2381
28400 44.1794
28450 44.2047
28500 44.2435
28550 44.255
28600 44.273
28650 44.3253
28700 44.46
28750 44.654
28800 44.9281
28850 45.1543
28900 45.2235
28950 45.3117
29000 45.3423
29050 45.3667
29100 45.3723
29150 45.3886
29200 45.3598
29250 45.3318
29300 45.2324
29350 45.2105
29400 45.1774
29450 45.0542
29500 44.9483
29550 44.8628
29600 44.7815
29650 44.7002
29700 44.6245
29750 44.6067
29800 44.6196
29850 44.5525
29900 44.5088
29950 44.5715
30000 44.6802
30050 44.7681
30100 44.834
30150 44.9185
30200 44.9418
30250 44.9473
30300 44.9992
30350 45.1064
30400 45.1052
30450 45.0298
30500 45.0355
30550 45.1288
30600 45.1983
30650 45.3337
30700 45.4516
30750 45.5691
30800 45.7397
30850 45.8946
30900 46.0952
30950 46.3113
31000 46.5324
31050 46.8166
31100 47.0246
31150 47.1518
31200 47.2068
31250 47.2777
31300 47.3883
31350 47.5255
31400 47.7092
31450 47.8206
31500 47.9183
31550 48.0864
31600 48.2553
31650 48.3828
31700 48.4845
31750 48.688
31800 48.8231
31850 48.9312
31900 49.0177
31950 49.0498
32000 49.0158
32050 49.0136
32100 49.0168
32150 49.0705
32200 49.1214
32250 49.2251
32300 49.3183
32350 49.3538
32400 49.3608
32450 49.3979
32500 49.4275
32550 49.4575
32600 49.4712
32650 49.5022
32700 49.5527
32750 49.5945
32800 49.752
32850 49.8571
32900 50.0125
32950 50.0997
33000 50.1845
33050 50.2984
33100 50.391
33150 50.5022
33200 50.6412
33250 50.7413
33300 50.8483
33350 50.968
33400 51.0731
33450 51.268
33500 51.4059
33550 51.546
33600 51.6359
33650 51.7301
33700 51.7764
33750 51.8336
33800 51.8693
33850 51.8536
33900 51.8927
33950 51.9873
34000 51.9896
34050 51.9954
34100 51.9513
34150 51.9171
34200 51.9088
34250 51.8472
34300 51.8062
34350 51.8478
34400 51.8858
34450 51.8788
34500 51.7888
34550 51.6248
34600 51.558
34650 51.5052
34700 51.4312
34750 51.4077
34800 51.4262
34850 51.4284
34900 51.4789
34950 51.4481
35000 51.4183
35050 51.4959
35100 51.5059
35150 51.5323
35200 51.5509
35250 51.5415
35300 51.5733
35350 51.6401
35400 51.7174
35450 51.7478
35500 51.7645
35550 51.8708
35600 52.0148
35650 52.0519
35700 52.1113
35750 52.2267
35800 52.4248
35850 52.5681
35900 52.772
35950 52.9654
36000 53.071
36050 53.1199
36100 53.2525
36150 53.3098
36200 53.3416
36250 53.484
36300 53.6889
36350 53.9341
36400 54.1594
36450 54.3482
36500 54.4331
36550 54.4819
36600 54.5828
36650 54.595
36700 54.6434
36750 54.8149
36800 55.0336
36850 55.1598
36900 55.2498
36950 55.3621
37000 55.4851
37050 55.6103
37100 55.6395
37150 55.8044
37200 55.98
37250 56.1467
37300 56.1972
37350 56.3274
37400 56.3742
37450 56.4524
37500 56.4229
37550 56.405
37600 56.451
37650 56.4523
37700 56.4788
37750 56.5104
37800 56.6217
37850 56.8789
37900 57.0102
37950 57.0455
38000 57.1137
38050 57.2287
38100 57.3416
38150 57.5928
38200 57.6146
38250 57.5869
38300 57.5698
38350 57.5366
38400 57.578
38450 57.655
38500 57.738
38550 57.8909
38600 57.958
38650 57.95
38700 57.9603
38750 58.0116
38800 58.1103
38850 58.1292
38900 58.1464
38950 58.1812
39000 58.1715
39050 58.2625
39100 58.2918
39150 58.2993
39200 58.433
39250 58.5914
39300 58.8
39350 58.9547
39400 59.0053
39450 59.153
39500 59.3148
39550 59.4948
39600 59.6671
39650 59.7375
39700 59.7748
39750 59.8511
39800 59.9628
39850 60.0919
39900 60.2217
39950 60.2068
40000 60.1403
40050 60.1174
40100 60.1564
40150 60.2203
40200 60.3189
40250 60.3338
40300 60.2946
40350 60.2841
40400 60.2909
40450 60.3812
40500 60.4607
40550 60.4492
40600 60.3673
40650 60.3824
40700 60.5213
40750 60.4805
40800 60.3836
40850 60.2537
40900 60.3485
40950 60.4288
41000 60.4987
41050 60.4628
41100 60.4557
41150 60.4868
41200 60.4546
41250 60.3686
41300 60.3291
41350 60.2375
41400 60.2362
41450 60.2912
41500 60.3331
41550 60.3295
41600 60.3099
41650 60.2409
41700 60.2746
41750 60.3089
41800 60.3495
41850 60.2979
41900 60.2998
41950 60.3357
42000 60.2805
42050 60.197
42100 60.0957
42150 60.0727
42200 60.0145
42250 59.9208
42300 59.9253
42350 59.8549
42400 59.747
42450 59.6878
42500 59.6856
42550 59.6965
42600 59.6423
42650 59.6332
42700 59.6475
42750 59.6184
42800 59.5972
42850 59.6143
42900 59.595
42950 59.5834
43000 59.5681
43050 59.5086
43100 59.5453
43150 59.5376
43200 59.5917
43250 59.6419
43300 59.7253
43350 59.7638
43400 59.9192
43450 60.0874
43500 60.283
43550 60.4384
43600 60.6487
43650 60.8252
43700 61.0025
43750 61.2259
43800 61.4331
43850 61.5076
43900 61.5557
43950 61.63
44000 61.6775
44050 61.7362
44100 61.7656
44150 61.7835
44200 61.7703
44250 61.7851
44300 61.8165
44350 61.8304
44400 61.8124
44450 61.6376
44500 61.5236
44550 61.4341
44600 61.2614
44650 61.091
44700 60.9209
44750 60.8454
44800 60.8316
44850 60.8847
44900 60.8083
44950 60.7093
45000 60.7541
45050 60.8237
45100 60.9056
45150 60.9499
45200 61.0765
45250 61.1757
45300 61.3576
45350 61.5815
45400 61.7664
45450 61.9079
45500 62.0625
45550 62.0542
45600 62.0034
45650 62.012
45700 62.0549
45750 62.0683
45800 61.9594
45850 61.9178
45900 62.0789
45950 62.2492
46000 62.4973
46050 62.6936
46100 62.795
46150 62.8442
46200 62.9171
46250 62.9011
46300 62.8509
46350 62.7432
46400 62.6814
46450 62.6344
46500 62.629
46550 62.6133
46600 62.746
46650 62.9233
46700 62.9863
46750 63.0643
46800 63.181
46850 63.3443
46900 63.4609
46950 63.4532
47000 63.3926
47050 63.4216
47100 63.4274
47150 63.4056
47200 63.4099
47250 63.531
47300 63.4533
47350 63.4436
47400 63.4651
47450 63.5752
47500 63.7829
47550 64.0761
47600 64.2991
47650 64.4407
47700 64.6084
47750 64.8519
47800 64.9807
47850 65.0829
47900 65.2133
47950 65.2763
48000 65.2965
48050 65.2487
48100 65.2962
48150 65.4411
48200 65.5278
48250 65.6282
48300 65.8077
48350 66.0123
48400 66.2166
48450 66.548
48500 66.7796
48550 66.9157
48600 67.1806
48650 67.3959
48700 67.5267
48750 67.5552
48800 67.6104
48850 67.6585
48900 67.7518
48950 67.7507
49000 67.7086
49050 67.5895
49100 67.5453
49150 67.5481
49200 67.5414
49250 67.5313
49300 67.5627
49350 67.6682
49400 67.8261
49450 67.9136
49500 68.0257
49550 68.2151
49600 68.2639
49650 68.1913
49700 68.2671
49750 68.3331
49800 68.3197
49850 68.3424
49900 68.3041
49950 68.3002
50000 68.4632
50050 68.5744
50100 68.5722
50150 68.569
50200 68.4642
50250 68.2453
50300 68.0837
50350 67.951
50400 67.7849
50450 67.7134
50500 67.7406
50550 67.8616
50600 67.9094
50650 67.906
50700 67.9408
50750 68.0202
50800 68.1162
50850 68.2103
50900 68.3166
50950 68.3917
51000 68.5214
51050 68.7642
51100 68.9633
51150 69.0265
51200 69.046
51250 69.0411
51300 69.133
51350 69.2227
51400 69.2354
51450 69.3471
51500 69.4182
51550 69.4155
51600 69.4474
51650 69.4372
51700 69.503
51750 69.5012
51800 69.424
51850 69.3952
51900 69.4279
51950 69.4871
52000 69.3972
52050 69.4041
52100 69.4436
52150 69.442
52200 69.518
52250 69.6303
52300 69.783
52350 69.8762
52400 69.9108
52450 69.9121
52500 70.0615
52550 70.2553
52600 70.2867
52650 70.335
52700 70.325
52750 70.3472
52800 70.5684
52850 70.6929
52900 70.7646
52950 70.78
53000 70.8285
53050 70.9233
53100 71.0491
53150 71.1171
53200 71.0826
53250 70.9908
53300 70.8814
53350 70.8072
53400 70.8745
53450 70.9669
53500 70.9342
53550 70.9175
53600 70.9034
53650 71.01
53700 71.1568
53750 71.2931
53800 71.3717
53850 71.34
53900 71.2472
53950 71.1819
54000 71.1434
54050 71.1478
54100 71.0994
54150 71.0964
54200 70.9949
54250 70.833
54300 70.7643
54350 70.7663
54400 70.7811
54450 70.8525
54500 70.9338
54550 70.9948
54600 71.1054
54650 71.2033
54700 71.3044
54750 71.3634
54800 71.5555
54850 71.7812
54900 71.9897
54950 72.1797
55000 72.2988
55050 72.3254
55100 72.4097
55150 72.574
55200 72.7083
55250 72.8562
55300 72.9803
55350 73.1646
55400 73.2533
55450 73.3493
55500 73.4421
55550 73.5222
55600 73.6091
55650 73.7055
55700 73.8829
55750 73.9602
55800 73.8965
55850 73.6973
55900 73.5558
55950 73.4379
56000 73.2139
56050 72.9913
56100 72.9459
56150 72.9656
56200 72.8984
56250 72.8292
56300 72.7252
56350 72.7966
56400 72.9639
56450 73.1318
56500 73.1302
56550 73.1872
56600 73.2676
56650 73.2678
56700 73.2387
56750 73.3149
56800 73.3568
56850 73.4503
56900 73.5384
56950 73.5464
57000 73.6655
57050 73.9124
57100 74.1294
57150 74.2641
57200 74.3815
57250 74.4295
57300 74.5679
57350 74.722
57400 74.8292
57450 74.8132
57500 74.9278
57550 74.9913
57600 75.0067
57650 75.1981
57700 75.4803
57750 75.8174
57800 76.131
57850 76.3673
57900 76.6164
57950 76.7133
58000 76.7875
58050 76.8223
58100 76.7872
58150 76.8061
58200 76.8661
58250 76.9953
58300 77.153
58350 77.2326
58400 77.263
58450 77.3294
58500 77.4899
58550 77.5701
58600 77.5981
58650 77.5561
58700 77.4441
58750 77.3107
58800 77.1812
58850 77.1016
58900 77.0225
58950 76.8689
59000 76.863
59050 76.8158
59100 76.7303
59150 76.686
59200 76.7088
59250 76.724
59300 76.9005
59350 77.0945
59400 77.2656
59450 77.295
59500 77.4315
59550 77.5925
59600 77.6482
59650 77.6554
59700 77.5069
59750 77.3824
59800 77.2496
59850 77.1911
59900 77.1861
59950 77.2174
60000 77.3378
60050 77.5138
60100 77.589
60150 77.6886
60200 77.7477
60250 77.6497
60300 77.5477
60350 77.521
60400 77.49
60450 77.5224
60500 77.5106
60550 77.4204
60600 77.3226
60650 77.4363
60700 77.535
60750 77.6091
60800 77.6739
60850 77.6492
60900 77.6178
60950 77.6294
61000 77.5861
61050 77.3885
61100 77.1702
61150 76.9463
61200 76.8638
61250 76.9644
61300 76.9916
61350 76.9685
61400 77.1026
61450 77.3327
61500 77.565
61550 77.6513
61600 77.7704
61650 77.8572
61700 77.9514
61750 77.9133
61800 77.9761
61850 77.9513
61900 77.869
61950 77.8283
62000 77.9302
62050 77.9744
62100 77.9215
62150 77.8598
62200 77.7064
62250 77.6083
62300 77.5531
62350 77.4855
62400 77.541
62450 77.5193
62500 77.4883
62550 77.4216
62600 77.4171
62650 77.5914
62700 77.7156
62750 77.9867
62800 78.1701
62850 78.2477
62900 78.3386
62950 78.4267
63000 78.464
63050 78.4944
63100 78.5412
63150 78.6601
63200 78.7146
63250 78.7435
63300 78.7195
63350 78.7013
63400 78.5127
63450 78.441
63500 78.4199
63550 78.6212
63600 78.7883
63650 78.9367
63700 79.0267
63750 78.9974
63800 79.0106
63850 79.0169
63900 78.9667
63950 78.8285
64000 78.7112
64050 78.6281
64100 78.5978
64150 78.6698
64200 78.7287
64250 78.5983
64300 78.5248
64350 78.5065
64400 78.4852
64450 78.4512
64500 78.5244
64550 78.7372
64600 78.8336
64650 78.9152
64700 79.0862
64750 79.3135
64800 79.4713
64850 79.6382
64900 79.7124
64950 79.7253
65000 79.6648
65050 79.7003
65100 79.8414
65150 79.8475
65200 79.9415
65250 79.9933
65300 79.978
65350 79.8894
65400 79.8564
65450 79.8902
65500 79.9959
65550 80.0884
65600 80.3003
65650 80.3017
65700 80.3396
65750 80.4009
65800 80.3555
65850 80.4197
65900 80.5557
65950 80.6369
66000 80.7401
66050 80.8614
66100 80.9215
66150 80.9235
66200 80.9785
66250 81.0923
66300 81.0899
66350 81.2429
66400 81.2356
66450 81.4086
66500 81.6383
66550 81.9506
66600 82.1345
66650 82.2289
66700 82.2408
66750 82.2434
66800 82.2943
66850 82.2843
66900 82.1309
66950 82.0753
67000 82.1046
67050 82.2335
67100 82.3086
67150 82.3138
67200 82.2991
67250 82.2286
67300 82.0381
67350 81.9536
67400 82.0147
67450 82.0443
67500 82.0222
67550 82.0463
67600 82.0345
67650 81.9277
67700 81.9687
67750 82.0428
67800 82.0808
67850 82.0445
67900 82.1329
67950 82.3114
68000 82.4798
68050 82.7233
68100 82.9669
68150 83.2838
68200 83.4318
68250 83.4572
68300 83.5603
68350 83.7053
68400 83.88
68450 83.9389
68500 83.8588
68550 83.7992
68600 83.8402
68650 83.9747
68700 84.1634
68750 84.3396
68800 84.4955
68850 84.5643
68900 84.5264
68950 84.3932
69000 84.3337
69050 84.3163
69100 84.3947
69150 84.413
69200 84.5265
69250 84.6155
69300 84.7314
69350 84.9798
69400 85.0993
69450 85.1617
69500 85.0777
69550 85.1005
69600 85.1411
69650 85.2062
69700 85.3542
69750 85.4417
69800 85.5211
69850 85.4441
69900 85.4166
69950 85.3254
70000 85.2993
70050 85.4085
70100 85.4311
70150 85.3729
70200 85.4353
70250 85.5209
70300 85.5056
70350 85.5293
70400 85.5656
70450 85.6105
70500 85.701
70550 85.7737
70600 85.8591
70650 86.0208
70700 86.2205
70750 86.4167
70800 86.6236
70850 86.7739
70900 86.8351
70950 86.996
71000 87.0041
71050 86.9784
71100 86.8977
71150 86.9867
71200 87.1533
71250 87.2672
71300 87.346
71350 87.4423
71400 87.5646
71450 87.7366
71500 87.8883
71550 88.0176
71600 88.1819
71650 88.2772
71700 88.4129
71750 88.5239
71800 88.459
71850 88.406
71900 88.3821
71950 88.4838
72000 88.6671
72050 88.8667
72100 89.0462
72150 89.1537
72200 89.2417
72250 89.2211
72300 89.2252
72350 89.2864
72400 89.2388
72450 89.1181
72500 89.2119
72550 89.2701
72600 89.3473
72650 89.3628
72700 89.3783
72750 89.3221
72800 89.2866
72850 89.3048
72900 89.2965
72950 89.3996
73000 89.6416
73050 89.8309
73100 89.997
73150 90.0337
73200 90.1739
73250 90.3967
73300 90.6596
73350 90.8822
73400 91.0314
73450 91.0116
73500 91.0291
73550 91.07
73600 91.0166
73650 90.9336
73700 91.1122
73750 91.1819
73800 91.2846
73850 91.3299
73900 91.3504
73950 91.3189
74000 91.2241
74050 91.1509
74100 91.1314
74150 91.0998
74200 90.8924
74250 90.6774
74300 90.4666
74350 90.2997
74400 90.2092
74450 90.1332
74500 90.1279
74550 90.2473
74600 90.3427
74650 90.4171
74700 90.5308
74750 90.5493
74800 90.6168
74850 90.5702
74900 90.4618
74950 90.3719
75000 90.2746
75050 90.254
75100 90.1272
75150 89.9817
75200 89.8985
75250 89.7881
75300 89.5987
75350 89.3205
75400 89.1198
75450 89.0489
75500 88.93
75550 88.7891
75600 88.8213
75650 88.8948
75700 89.0419
75750 89.0779
75800 89.2611
75850 89.5753
75900 89.8547
75950 90.0907
76000 90.2625
76050 90.3591
76100 90.4995
76150 90.5945
76200 90.5424
76250 90.3902
76300 90.3316
76350 90.3426
76400 90.4753
76450 90.55
76500 90.5897
76550 90.6941
76600 90.7187
76650 90.8478
76700 90.9024
76750 90.8993
76800 90.9148
76850 90.9467
76900 90.9533
76950 91.0024
77000 90.9527
77050 90.8257
77100 90.8044
77150 90.8337
77200 90.8791
77250 90.8623
77300 90.8913
77350 90.8622
77400 90.8719
77450 90.9393
77500 91.0218
77550 91.0422
77600 91.1013
77650 91.0769
77700 90.9433
77750 90.7785
77800 90.7512
77850 90.7191
77900 90.6649
77950 90.7308
78000 90.7537
78050 90.7457
78100 90.8185
78150 90.9677
78200 91.1362
78250 91.2632
78300 91.3273
78350 91.3339
78400 91.2828
78450 91.2348
78500 91.198
78550 91.1861
78600 91.0332
78650 91.0636
78700 91.1458
78750 91.2025
78800 91.1807
78850 91.2473
78900 91.3303
78950 91.4206
79000 91.4543
79050 91.4961
79100 91.4804
79150 91.6816
79200 91.8704
79250 92.1
79300 92.2107
79350 92.2231
79400 92.3665
79450 92.4519
79500 92.4705
79550 92.4354
79600 92.3945
79650 92.3251
79700 92.2149
79750 92.1274
79800 92.0898
79850 92.1208
79900 92.2142
79950 92.3119
80000 92.4516
80050 92.5922
80100 92.7857
80150 92.8999
80200 93.0157
80250 92.9188
80300 93.0406
80350 93.2113
80400 93.391
80450 93.4901
80500 93.5581
80550 93.7237
80600 93.8052
80650 93.7892
80700 93.724
80750 93.8232
80800 93.8603
80850 93.9081
80900 93.876
80950 93.8912
81000 94.0204
81050 94.1849
81100 94.3425
81150 94.5223
81200 94.6056
81250 94.682
81300 94.7329
81350 94.6891
81400 94.6081
81450 94.5839
81500 94.5577
81550 94.434
81600 94.3318
81650 94.3112
81700 94.1846
81750 94.0234
81800 93.9081
81850 93.8975
81900 93.8936
81950 93.9213
82000 93.9718
82050 93.8797
82100 93.7367
82150 93.605
82200 93.5252
82250 93.53
82300 93.6128
82350 93.532
82400 93.539
82450 93.5403
82500 93.5496
82550 93.5236
82600 93.5198
82650 93.6302
82700 93.6852
82750 93.8321
82800 94.0269
82850 94.1937
82900 94.3246
82950 94.5088
83000 94.5853
83050 94.5877
83100 94.5673
83150 94.6114
83200 94.6084
83250 94.6499
83300 94.742
83350 94.7229
83400 94.7016
83450 94.5174
83500 94.509
83550 94.5362
83600 94.6428
83650 94.7055
83700 94.6617
83750 94.7022
83800 94.7061
83850 94.63
83900 94.5015
83950 94.4398
84000 94.4741
84050 94.5654
84100 94.6479
84150 94.7682
84200 94.7748
84250 94.8562
84300 94.847
84350 94.9282
84400 94.9478
84450 94.9231
84500 94.8445
84550 94.8245
84600 94.8491
84650 94.8764
84700 95.149
84750 95.363
84800 95.4284
84850 95.5105
84900 95.6137
84950 95.798
85000 96.0739
85050 96.2404
85100 96.3468
85150 96.5034
85200 96.7183
85250 96.8032
85300 96.8769
85350 96.864
85400 96.8195
85450 96.7647
85500 96.7214
85550 96.5597
85600 96.4309
85650 96.2762
85700 96.2061
85750 96.2183
85800 96.2408
85850 96.3849
85900 96.502
85950 96.5554
86000 96.6327
86050 96.7013
86100 96.7978
86150 96.9189
86200 96.9996
86250 97.0666
86300 96.9928
86350 96.9084
86400 96.9177
86450 96.9318
86500 96.9751
86550 96.9918
86600 97.0579
86650 97.0959
86700 97.291
86750 97.3873
86800 97.5967
86850 97.7394
86900 97.7242
86950 97.6503
87000 97.6439
87050 97.6661
87100 97.6221
87150 97.6258
87200 97.8338
87250 98.0309
87300 98.1862
87350 98.2685
87400 98.2964
87450 98.3085
87500 98.1742
87550 98.043
87600 98.0566
87650 98.032
87700 98.1224
87750 98.2243
87800 98.3147
87850 98.3252
87900 98.3984
87950 98.436
88000 98.304
88050 98.0124
88100 97.7984
88150 97.7135
88200 97.7466
88250 97.7974
88300 97.7943
88350 97.8956
88400 97.9719
88450 97.9982
88500 98.2259
88550 98.4029
88600 98.5964
88650 98.7279
88700 98.7321
88750 98.6867
88800 98.7496
88850 98.7992
88900 98.8408
88950 98.8461
89000 98.9197
89050 98.8864
89100 98.7633
89150 98.6162
89200 98.505
89250 98.3731
89300 98.2176
89350 98.0336
89400 97.9463
89450 97.8997
89500 97.8739
89550 97.816
89600 97.9268
89650 98.0205
89700 98.1111
89750 98.1629
89800 98.1605
89850 98.0491
89900 98.1043
89950 98.1106
90000 98.006
90050 97.7718
90100 97.7858
90150 97.8877
90200 97.9715
90250 98.0087
90300 98.1048
90350 98.3357
90400 98.5464
90450 98.6654
90500 98.8523
90550 98.8816
90600 98.8575
90650 98.9362
90700 99.0444
90750 99.1203
90800 99.1976
90850 99.328
90900 99.2677
90950 99.2597
91000 99.2624
91050 99.2773
91100 99.3986
91150 99.3193
91200 99.1875
91250 99.0892
91300 98.9378
91350 99.0471
91400 99.0859
91450 99.1259
91500 99.0711
91550 99.2568
91600 99.3661
91650 99.4714
91700 99.6987
91750 99.8683
91800 99.8592
91850 99.9185
91900 99.9652
91950 100.016
92000 99.9707
92050 99.9826
92100 99.9941
92150 100.018
92200 100.133
92250 100.268
92300 100.347
92350 100.472
92400 100.478
92450 100.463
92500 100.487
92550 100.606
92600 100.564
92650 100.445
92700 100.42
92750 100.507
92800 100.619
92850 100.746
92900 100.88
92950 101.021
93000 101.237
93050 101.289
93100 101.217
93150 101.053
93200 100.993
93250 101.04
93300 101.079
93350 101.139
93400 101.165
93450 101.239
93500 101.222
93550 101.27
93600 101.384
93650 101.386
93700 101.402
93750 101.406
93800 101.316
93850 101.169
93900 101.233
93950 101.22
94000 101.261
94050 101.25
94100 101.288
94150 101.459
94200 101.497
94250 101.711
94300 101.844
94350 101.903
94400 101.876
94450 101.938
94500 102.115
94550 102.165
94600 102.178
94650 102.253
94700 102.391
94750 102.548
94800 102.745
94850 102.891
94900 102.93
94950 103.016
95000 103.013
95050 102.893
95100 102.762
95150 102.721
95200 102.768
95250 102.923
95300 103.056
95350 103.04
95400 102.901
95450 102.776
95500 102.703
95550 102.616
95600 102.602
95650 102.609
95700 102.554
95750 102.515
95800 102.442
95850 102.444
95900 102.46
95950 102.53
96000 102.58
96050 102.682
96100 102.805
96150 102.919
96200 102.96
96250 102.972
96300 102.95
96350 103.047
96400 103.133
96450 103.135
96500 103.172
96550 103.229
96600 103.272
96650 103.418
96700 103.518
96750 103.575
96800 103.592
96850 103.439
96900 103.294
96950 103.35
97000 103.407
97050 103.581
97100 103.778
97150 103.931
97200 103.959
97250 103.919
97300 103.988
97350 103.976
97400 103.987
97450 103.961
97500 103.842
97550 103.687
97600 103.854
97650 104.017
97700 104.258
97750 104.387
97800 104.499
97850 104.682
97900 104.803
97950 104.822
98000 104.942
98050 105.039
98100 104.975
98150 104.733
98200 104.638
98250 104.622
98300 104.597
98350 104.691
98400 104.765
98450 104.838
98500 104.885
98550 104.863
98600 104.864
98650 104.804
98700 104.738
98750 104.506
98800 104.333
98850 104.208
98900 104.022
98950 103.709
99000 103.534
99050 103.299
99100 103.166
99150 103.17
99200 103.163
99250 103.135
99300 103.189
99350 103.108
99400 103.053
99450 103.041
99500 103.02
99550 102.87
99600 102.86
99650 102.884
99700 102.869
99750 102.944
99800 102.917
99850 102.922
99900 102.976
99950 102.957
100000 102.9
