# Time-averaged data for fix msd_avg_all
# TimeStep c_msd_12_10_seed4[4]
0 4.62743e-28
100 0.484549
200 1.05192
300 1.52383
400 1.95198
500 2.34074
600 2.67319
700 3.02771
800 3.40123
900 3.7793
1000 4.13035
1100 4.45379
1200 4.70656
1300 4.94304
1400 5.15187
1500 5.29452
1600 5.53369
1700 5.83785
1800 6.06084
1900 6.23553
2000 6.45587
2100 6.69998
2200 6.95065
2300 7.09869
2400 7.27965
2500 7.50768
2600 7.77711
2700 7.90686
2800 7.99813
2900 8.14916
3000 8.25674
3100 8.33932
3200 8.48572
3300 8.61972
3400 8.71806
3500 8.78385
3600 8.94089
3700 9.11571
3800 9.2883
3900 9.44213
4000 9.60694
4100 9.72816
4200 9.85553
4300 10.0786
4400 10.2584
4500 10.366
4600 10.5617
4700 10.7588
4800 10.8943
4900 11.0118
5000 11.2404
5100 11.4599
5200 11.6402
5300 11.7931
5400 11.8324
5500 11.8313
5600 11.8659
5700 11.9536
5800 12.102
5900 12.2634
6000 12.4758
6100 12.6479
6200 12.7455
6300 12.9796
6400 13.235
6500 13.4951
6600 13.6426
6700 13.8228
6800 13.9723
6900 14.1707
7000 14.2609
7100 14.4011
7200 14.497
7300 14.5987
7400 14.6292
7500 14.6885
7600 14.7924
7700 14.9869
7800 15.2411
7900 15.506
8000 15.8093
8100 15.9784
8200 16.1004
8300 16.1956
8400 16.2169
8500 16.2762
8600 16.4742
8700 16.5479
8800 16.6731
8900 16.7041
9000 16.7152
9100 16.8345
9200 16.9286
9300 16.9668
9400 17.0157
9500 17.1338
9600 17.2928
9700 17.5344
9800 17.7624
9900 17.954
10000 18.0176
10100 18.1405
10200 18.3386
10300 18.5121
10400 18.7608
10500 19.0026
10600 19.209
10700 19.3295
10800 19.4573
10900 19.5592
11000 19.6958
11100 19.7581
11200 19.8255
11300 19.8888
11400 19.9621
11500 20.1017
11600 20.2218
11700 20.3044
11800 20.4446
11900 20.5902
12000 20.626
12100 20.5173
12200 20.5265
12300 20.5942
12400 20.5326
12500 20.5653
12600 20.7204
12700 20.8141
12800 20.9646
12900 21.0014
13000 20.978
13100 20.8501
13200 20.8127
13300 20.7925
13400 20.7518
13500 20.6925
13600 20.8605
13700 20.9849
13800 21.0022
13900 21.0701
14000 21.2542
14100 21.34
14200 21.3374
14300 21.29
14400 21.3058
14500 21.5005
14600 21.5401
14700 21.5018
14800 21.6182
14900 21.8427
15000 21.9764
15100 22.0361
15200 22.1173
15300 22.2767
15400 22.3516
15500 22.5495
15600 22.6997
15700 22.9622
15800 23.1655
15900 23.4172
16000 23.6429
16100 23.7635
16200 23.9659
16300 24.1251
16400 24.3102
16500 24.3984
16600 24.4235
16700 24.5866
16800 24.6439
16900 24.7043
17000 24.7064
17100 24.6673
17200 24.7193
17300 25.0292
17400 25.131
17500 25.2016
17600 25.2091
17700 25.3528
17800 25.6862
17900 25.8625
18000 26.0064
18100 26.0593
18200 26.1413
18300 26.29
18400 26.3281
18500 26.3842
18600 26.5751
18700 26.7749
18800 26.8812
18900 26.9695
19000 27.1127
19100 27.0592
19200 27.1623
19300 27.0629
19400 27.0425
19500 27.0257
19600 27.0358
19700 27.2083
19800 27.3415
19900 27.5357
20000 27.7078
20100 27.864
20200 27.959
20300 28.0722
20400 28.2356
20500 28.4162
20600 28.6024
20700 28.5478
20800 28.3892
20900 28.1324
21000 28.086
21100 28.1575
21200 28.2426
21300 28.4229
21400 28.5457
21500 28.6462
21600 28.7454
21700 28.7605
21800 28.7519
21900 28.7003
22000 28.7914
22100 28.8024
22200 28.852
22300 28.9843
22400 29.0286
22500 28.9199
22600 28.9208
22700 29.0197
22800 28.9194
22900 28.9022
23000 28.8493
23100 28.9659
23200 29.1499
23300 29.2747
23400 29.4221
23500 29.61
23600 29.6092
23700 29.6603
23800 29.6579
23900 29.7972
24000 29.7147
24100 29.802
24200 30.0082
24300 30.0931
24400 30.135
24500 30.1502
24600 30.1884
24700 30.2122
24800 30.2633
24900 30.3002
25000 30.2191
25100 30.1585
25200 30.2676
25300 30.2745
25400 30.4479
25500 30.6588
25600 30.8559
25700 30.9317
25800 30.9628
25900 31.093
26000 31.3625
26100 31.5903
26200 31.7926
26300 31.9743
26400 32.1358
26500 32.1604
26600 32.2345
26700 32.3098
26800 32.4065
26900 32.5862
27000 32.8768
27100 33.0949
27200 33.0769
27300 33.1042
27400 33.1882
27500 33.1964
27600 33.439
27700 33.5634
27800 33.6104
27900 33.7431
28000 33.6485
28100 33.592
28200 33.6671
28300 33.7057
28400 33.7441
28500 33.9232
28600 34.071
28700 34.4406
28800 34.6336
28900 34.7863
29000 34.9278
29100 35.0722
29200 35.2334
29300 35.4233
29400 35.4063
29500 35.5855
29600 35.8027
29700 35.7036
29800 35.8398
29900 35.9651
30000 36.1486
30100 36.1169
30200 36.1738
30300 36.3476
30400 36.5397
30500 36.8464
30600 37.2331
30700 37.6059
30800 37.7648
30900 37.9091
31000 37.7317
31100 37.6149
31200 37.5267
31300 37.8049
31400 37.9223
31500 37.908
31600 37.9384
31700 38.2094
31800 38.3835
31900 38.5575
32000 38.6171
32100 38.5956
32200 38.6065
32300 38.5634
32400 38.4183
32500 38.2584
32600 38.5064
32700 38.6933
32800 38.7456
32900 38.9446
33000 39.0224
33100 39.2179
33200 39.3111
33300 39.2249
33400 39.2603
33500 39.3655
33600 39.3486
33700 39.2743
33800 39.1336
33900 39.09
34000 39.076
34100 39.0552
34200 39.0484
34300 39.0868
34400 39.2466
34500 39.3436
34600 39.3815
34700 39.4849
34800 39.431
34900 39.6048
35000 39.6937
35100 39.7841
35200 40.01
35300 39.8431
35400 39.7791
35500 39.8001
35600 39.8637
35700 40.0071
35800 40.0425
35900 39.9749
36000 39.9998
36100 39.9294
36200 39.8265
36300 39.4806
36400 39.3918
36500 39.5535
36600 39.7698
36700 39.8843
36800 39.908
36900 39.9866
37000 40.2954
37100 40.4522
37200 40.4444
37300 40.734
37400 41.1551
37500 41.4513
37600 41.5349
37700 41.1599
37800 40.8911
37900 40.7488
38000 40.64
38100 40.4226
38200 40.299
38300 40.339
38400 40.4346
38500 40.5632
38600 40.6247
38700 40.6521
38800 40.5917
38900 40.5286
39000 40.6746
39100 40.6314
39200 40.6051
39300 40.6514
39400 40.6332
39500 40.7416
39600 40.7649
39700 40.8621
39800 41.0844
39900 41.2806
40000 41.4588
40100 41.3803
40200 41.4803
40300 41.395
40400 41.3212
40500 41.2184
40600 41.0768
40700 41.0268
40800 41.1697
40900 41.345
41000 41.278
41100 41.3757
41200 41.5017
41300 41.5335
41400 41.4309
41500 41.2381
41600 41.0698
41700 41.0314
41800 41.0103
41900 41.1377
42000 41.1193
42100 41.1216
42200 41.1065
42300 41.1662
42400 41.0633
42500 41.0693
42600 41.3123
42700 41.5025
42800 41.6047
42900 41.8541
43000 41.9673
43100 41.9199
43200 41.8711
43300 41.8807
43400 41.9028
43500 42.005
43600 42.1542
43700 42.2094
43800 42.1998
43900 42.2031
44000 42.2277
44100 42.3639
44200 42.313
44300 42.1691
44400 42.1261
44500 42.3373
44600 42.2796
44700 42.2824
44800 42.4074
44900 42.4932
45000 42.743
45100 42.9024
45200 42.8988
45300 43.0353
45400 43.0109
45500 42.9466
45600 42.9354
45700 43.0862
45800 43.0249
45900 43.0746
46000 42.9926
46100 42.8401
46200 42.6685
46300 42.6521
46400 42.5723
46500 42.644
46600 42.6416
46700 42.5193
46800 42.4439
46900 42.4456
47000 42.575
47100 42.5542
47200 42.4822
47300 42.4586
47400 42.4463
47500 42.609
47600 42.7664
47700 42.7061
47800 42.8706
47900 43.0436
48000 43.3458
48100 43.5094
48200 43.8668
48300 43.9894
48400 44.2243
48500 44.1615
48600 43.9652
48700 43.8536
48800 43.6582
48900 43.6473
49000 43.6969
49100 44.0038
49200 44.1035
49300 44.2025
49400 44.2141
49500 44.2697
49600 44.2325
49700 44.0531
49800 44.114
49900 44.2886
50000 44.2728
50100 44.3985
50200 44.4457
50300 44.4086
50400 44.2878
50500 44.2709
50600 44.3983
50700 44.3974
50800 44.4717
50900 44.6155
51000 44.9054
51100 45.0971
51200 45.1598
51300 45.2741
51400 45.5791
51500 45.69
51600 45.768
51700 45.7396
51800 45.8728
51900 45.9555
52000 45.9027
52100 45.8832
52200 45.8352
52300 46.0695
52400 46.0534
52500 46.1508
52600 46.1911
52700 46.2353
52800 46.1841
52900 46.3176
53000 46.1057
53100 45.7983
53200 45.6601
53300 45.4942
53400 45.3399
53500 44.9959
53600 44.6428
53700 44.6103
53800 44.6503
53900 44.7146
54000 44.9693
54100 45.1404
54200 45.2834
54300 45.3814
54400 45.4659
54500 45.3719
54600 45.1225
54700 44.8908
54800 44.6283
54900 44.6133
55000 44.5656
55100 44.6205
55200 44.5717
55300 44.4479
55400 44.4719
55500 44.7939
55600 44.8683
55700 44.8689
55800 44.98
55900 45.2248
56000 45.3902
56100 45.4721
56200 45.6711
56300 45.6395
56400 45.7078
56500 45.7648
56600 45.8344
56700 46.1472
56800 46.4701
56900 46.712
57000 46.9498
57100 47.0109
57200 47.2473
57300 47.4467
57400 47.449
57500 47.4836
57600 47.7133
57700 47.9682
57800 47.9969
57900 48.0056
58000 48.0265
58100 48.0166
58200 48.3135
58300 48.4972
58400 48.9169
58500 49.317
58600 49.7465
58700 49.9554
58800 50.4426
58900 50.6264
59000 50.904
59100 51.1882
59200 51.5134
59300 51.5969
59400 51.5252
59500 51.3849
59600 51.4217
59700 51.5221
59800 51.8174
59900 52.0684
60000 52.2413
60100 52.0808
60200 51.7809
60300 51.4354
60400 51.0103
60500 50.8741
60600 51.0688
60700 51.2601
60800 51.3588
60900 51.7183
61000 51.8918
61100 52.1168
61200 52.4166
61300 52.5986
61400 52.708
61500 52.898
61600 53.2087
61700 53.2648
61800 53.37
61900 53.3998
62000 53.5146
62100 53.5765
62200 53.7055
62300 53.6797
62400 53.577
62500 53.39
62600 53.308
62700 53.0394
62800 52.8936
62900 52.9145
63000 53.0151
63100 53.0608
63200 53.4024
63300 53.6739
63400 53.7858
63500 53.9454
63600 53.9272
63700 54.0162
63800 53.9008
63900 54.0006
64000 54.1465
64100 53.8896
64200 53.7625
64300 53.7147
64400 53.6427
64500 53.7488
64600 54.136
64700 54.5614
64800 55.0959
64900 55.5077
65000 55.6796
65100 56.0089
65200 56.3428
65300 56.5143
65400 56.6101
65500 56.715
65600 56.8441
65700 56.7417
65800 56.894
65900 57.2538
66000 57.6428
66100 57.7443
66200 58.0437
66300 58.2737
66400 58.5494
66500 58.6586
66600 58.5816
66700 58.4807
66800 58.7497
66900 58.862
67000 59.1223
67100 59.0896
67200 59.2161
67300 59.2813
67400 59.0736
67500 59.1347
67600 59.1999
67700 59.3318
67800 59.2725
67900 59.3312
68000 59.596
68100 59.6786
68200 59.4793
68300 59.3352
68400 59.3399
68500 59.5706
68600 59.5795
68700 59.8009
68800 59.9981
68900 60.1722
69000 60.1422
69100 60.2369
69200 60.2587
69300 60.277
69400 60.254
69500 60.1713
69600 60.0659
69700 60.0596
69800 60.1235
69900 60.185
70000 60.1013
70100 59.8754
70200 59.9152
70300 60.1443
70400 60.2841
70500 60.4236
70600 60.6199
70700 60.893
70800 61.2068
70900 61.3084
71000 61.5082
71100 61.5266
71200 61.7338
71300 61.812
71400 61.9625
71500 62.0226
71600 62.2046
71700 62.2658
71800 62.2783
71900 62.3474
72000 62.4634
72100 62.5241
72200 62.4491
72300 62.4124
72400 62.2461
72500 62.0775
72600 62.1309
72700 62.1652
72800 62.047
72900 62.1188
73000 62.2098
73100 62.4741
73200 62.7447
73300 62.9027
73400 63.2056
73500 63.248
73600 63.1599
73700 63.2253
73800 63.5459
73900 63.6303
74000 63.8796
74100 63.996
74200 63.7816
74300 63.797
74400 63.687
74500 63.3556
74600 63.3506
74700 63.3927
74800 63.2726
74900 63.2725
75000 63.5454
75100 63.7715
75200 63.7463
75300 64.0004
75400 63.991
75500 63.9463
75600 64.0203
75700 64.2682
75800 64.6024
75900 64.7102
76000 64.81
76100 64.7392
76200 64.7241
76300 64.8286
76400 64.899
76500 64.8076
76600 64.948
76700 65.1979
76800 65.482
76900 65.6808
77000 65.9492
77100 66.1323
77200 66.0307
77300 66.0212
77400 66.1145
77500 66.264
77600 66.5492
77700 66.6573
77800 66.6253
77900 66.6613
78000 66.8177
78100 66.9963
78200 66.857
78300 66.6854
78400 66.7023
78500 66.9427
78600 67.1204
78700 67.1516
78800 67.0578
78900 67.0502
79000 67.1663
79100 67.247
79200 67.1467
79300 67.3758
79400 67.4534
79500 67.4928
79600 67.8351
79700 68.1291
79800 68.077
79900 67.9113
80000 67.6704
80100 67.3746
80200 67.5257
80300 67.4985
80400 67.6658
80500 67.9219
80600 68.111
80700 68.2686
80800 68.1322
80900 68.0189
81000 68.0905
81100 68.0983
81200 68.2823
81300 68.4953
81400 68.582
81500 68.5876
81600 68.6194
81700 68.9879
81800 69.333
81900 69.3954
82000 69.4856
82100 69.6615
82200 70.0324
82300 70.2091
82400 70.0629
82500 69.8133
82600 69.7577
82700 69.4711
82800 69.2895
82900 68.8046
83000 68.7685
83100 68.9535
83200 69.3323
83300 69.7105
83400 69.8749
83500 70.3176
83600 70.6649
83700 70.909
83800 71.1651
83900 71.5244
84000 71.6535
84100 71.7454
84200 71.8336
84300 71.9149
84400 71.8685
84500 71.8587
84600 71.7075
84700 71.6307
84800 71.2579
84900 71.1673
85000 70.7961
85100 70.7726
85200 70.6648
85300 70.7033
85400 70.7173
85500 70.4106
85600 70.1242
85700 70.0534
85800 70.2174
85900 70.5342
86000 70.7755
86100 71.0274
86200 71.1967
86300 71.6329
86400 71.7355
86500 71.7961
86600 72.3008
86700 72.8683
86800 73.3066
86900 73.3897
87000 73.4561
87100 73.319
87200 73.1928
87300 73.4951
87400 73.7824
87500 73.942
87600 74.2517
87700 74.4873
87800 74.4806
87900 74.3768
88000 74.4648
88100 74.5543
88200 74.5251
88300 74.4001
88400 74.2506
88500 74.5896
88600 74.7767
88700 74.8485
88800 74.7952
88900 74.53
89000 74.1464
89100 73.9231
89200 73.8858
89300 73.8218
89400 73.7823
89500 73.5866
89600 73.4003
89700 73.4121
89800 73.4224
89900 73.295
90000 73.5888
90100 73.5129
90200 73.7546
90300 74.1505
90400 74.3277
90500 74.3729
90600 74.2892
90700 74.2308
90800 74.2668
90900 74.2904
91000 74.7778
91100 75.0704
91200 75.0069
91300 75.1235
91400 75.3516
91500 75.5626
91600 75.407
91700 75.2235
91800 75.1565
91900 75.1388
92000 75.3344
92100 75.475
92200 75.2495
92300 75.0435
92400 74.9345
92500 74.9344
92600 75.0641
92700 74.9896
92800 74.843
92900 74.6703
93000 74.6506
93100 74.676
93200 74.8075
93300 75.2134
93400 75.275
93500 75.4602
93600 75.7339
93700 76.0208
93800 76.0491
93900 76.3852
94000 76.5631
94100 76.8
94200 77.0332
94300 77.1841
94400 77.3149
94500 77.5277
94600 77.4596
94700 77.3769
94800 77.3866
94900 77.4083
95000 77.4648
95100 77.3903
95200 77.4786
95300 77.5393
95400 77.521
95500 77.6533
95600 78.071
95700 78.486
95800 78.8926
95900 78.8996
96000 79.0495
96100 78.9145
96200 78.8343
96300 78.6831
96400 78.8969
96500 79.1085
96600 78.903
96700 78.8139
96800 78.7464
96900 78.7119
97000 78.7063
97100 78.9033
97200 78.9849
97300 78.9876
97400 79.0831
97500 79.1347
97600 79.0626
97700 79.0906
97800 79.242
97900 79.491
98000 79.7482
98100 79.8485
98200 80.0305
98300 80.409
98400 80.6796
98500 81.11
98600 81.2734
98700 81.2301
98800 81.2797
98900 81.5427
99000 81.9431
99100 82.2184
99200 82.3205
99300 82.2514
99400 82.2672
99500 82.4655
99600 82.4526
99700 82.5451
99800 82.7753
99900 83.0011
100000 82.8235
