# Time-averaged data for fix msd_avg_all
# TimeStep c_msd_all[4]
0 1.17372e-28
50 0.196982
100 0.555126
150 0.912887
200 1.24722
250 1.57168
300 1.89312
350 2.18114
400 2.44632
450 2.70443
500 2.96314
550 3.22817
600 3.48575
650 3.74414
700 3.98842
750 4.21668
800 4.43775
850 4.66932
900 4.91831
950 5.17523
1000 5.38111
1050 5.56755
1100 5.75377
1150 5.97192
1200 6.13791
1250 6.28865
1300 6.4342
1350 6.55911
1400 6.69204
1450 6.82475
1500 6.93527
1550 7.06732
1600 7.22407
1650 7.40948
1700 7.5559
1750 7.72341
1800 7.92807
1850 8.11176
1900 8.31696
1950 8.51872
2000 8.67813
2050 8.84922
2100 9.0098
2150 9.17439
2200 9.3444
2250 9.52295
2300 9.71685
2350 9.89359
2400 10.0611
2450 10.2311
2500 10.436
2550 10.6494
2600 10.8468
2650 11.0895
2700 11.338
2750 11.5752
2800 11.7944
2850 12.0316
2900 12.2753
2950 12.5051
3000 12.717
3050 12.8927
3100 13.0943
3150 13.2622
3200 13.4632
3250 13.6429
3300 13.8507
3350 13.9729
3400 14.0676
3450 14.1958
3500 14.3101
3550 14.4221
3600 14.5269
3650 14.6932
3700 14.825
3750 14.9696
3800 15.1433
3850 15.3264
3900 15.5118
3950 15.6466
4000 15.7702
4050 15.947
4100 16.165
4150 16.39
4200 16.6215
4250 16.8801
4300 17.057
4350 17.2354
4400 17.3895
4450 17.5487
4500 17.7525
4550 17.9327
4600 18.1141
4650 18.3059
4700 18.4996
4750 18.6614
4800 18.8517
4850 19.0024
4900 19.1622
4950 19.3557
5000 19.5121
5050 19.6861
5100 19.7668
5150 19.9294
5200 20.1451
5250 20.3382
5300 20.5497
5350 20.7864
5400 20.9967
5450 21.2319
5500 21.4876
5550 21.7406
5600 21.9853
5650 22.1455
5700 22.2641
5750 22.3901
5800 22.5039
5850 22.5262
5900 22.5396
5950 22.5542
6000 22.62
6050 22.7009
6100 22.8772
6150 23.058
6200 23.2305
6250 23.3858
6300 23.6056
6350 23.8088
6400 24.0086
6450 24.195
6500 24.4298
6550 24.6593
6600 24.8545
6650 25.0305
6700 25.1141
6750 25.1513
6800 25.186
6850 25.2029
6900 25.1587
6950 25.0938
7000 25.1061
7050 25.1426
7100 25.0986
7150 25.0707
7200 25.0636
7250 25.0789
7300 25.1015
7350 25.1294
7400 25.1927
7450 25.2562
7500 25.3379
7550 25.4382
7600 25.5468
7650 25.6875
7700 25.7847
7750 25.8709
7800 25.9771
7850 26.1034
7900 26.1954
7950 26.2497
8000 26.3776
8050 26.4509
8100 26.4804
8150 26.5779
8200 26.734
8250 26.9178
8300 27.1222
8350 27.3474
8400 27.5578
8450 27.7083
8500 27.8795
8550 28.0619
8600 28.2464
8650 28.3628
8700 28.4513
8750 28.5221
8800 28.6218
8850 28.7503
8900 28.7966
8950 28.9
9000 29.0179
9050 29.1393
9100 29.2637
9150 29.4304
9200 29.6161
9250 29.7574
9300 29.9033
9350 30.0532
9400 30.2051
9450 30.314
9500 30.4664
9550 30.6958
9600 30.8857
9650 31.0595
9700 31.1859
9750 31.2552
9800 31.2735
9850 31.2611
9900 31.3318
9950 31.3591
10000 31.3781
10050 31.4318
10100 31.5392
10150 31.7333
10200 31.9581
10250 32.1109
10300 32.2656
10350 32.469
10400 32.7151
10450 32.903
10500 33.053
10550 33.1675
10600 33.2099
10650 33.3379
10700 33.429
10750 33.5294
10800 33.6152
10850 33.772
10900 33.9127
10950 34.0735
11000 34.1945
11050 34.2775
11100 34.3788
11150 34.4789
11200 34.5234
11250 34.5715
11300 34.6011
11350 34.6485
11400 34.707
11450 34.7029
11500 34.7436
11550 34.8617
11600 34.943
11650 35.1199
11700 35.3811
11750 35.5642
11800 35.7758
11850 35.9321
11900 36.092
11950 36.2341
12000 36.3985
12050 36.5674
12100 36.7678
12150 37.0314
12200 37.291
12250 37.4905
12300 37.6114
12350 37.7383
12400 37.7944
12450 37.9043
12500 37.9867
12550 38.1669
12600 38.3081
12650 38.474
12700 38.5708
12750 38.6963
12800 38.8393
12850 38.9968
12900 39.0487
12950 39.1777
13000 39.3518
13050 39.506
13100 39.7206
13150 39.8566
13200 39.9801
13250 40.1602
13300 40.2464
13350 40.2795
13400 40.3314
13450 40.3313
13500 40.3431
13550 40.4266
13600 40.5721
13650 40.7261
13700 40.8792
13750 40.891
13800 40.8145
13850 40.789
13900 40.845
13950 40.9437
14000 41.0859
14050 41.1876
14100 41.351
14150 41.4967
14200 41.5783
14250 41.6064
14300 41.6908
14350 41.752
14400 41.7213
14450 41.7535
14500 41.7562
14550 41.8578
14600 41.9521
14650 41.981
14700 42.0373
14750 42.0269
14800 42.0704
14850 42.1951
14900 42.2665
14950 42.5051
15000 42.6555
15050 42.7469
15100 42.9136
15150 43.0683
15200 43.182
15250 43.296
15300 43.3934
15350 43.4216
15400 43.4423
15450 43.4972
15500 43.5268
15550 43.5338
15600 43.5973
15650 43.7196
15700 43.7481
15750 43.7718
15800 43.8151
15850 43.9949
15900 44.1706
15950 44.3365
16000 44.5263
16050 44.7034
16100 44.906
16150 45.0406
16200 45.1259
16250 45.2447
16300 45.3674
16350 45.5413
16400 45.6919
16450 45.7
16500 45.7121
16550 45.7394
16600 45.8078
16650 45.8918
16700 46.0202
16750 46.0882
16800 46.1975
16850 46.2203
16900 46.3006
16950 46.4428
17000 46.6127
17050 46.7882
17100 46.9987
17150 47.1748
17200 47.3134
17250 47.4609
17300 47.5792
17350 47.7725
17400 47.9089
17450 48.0383
17500 48.0892
17550 48.1838
17600 48.3217
17650 48.4671
17700 48.6609
17750 48.8146
17800 49.0122
17850 49.2727
17900 49.4832
17950 49.5912
18000 49.7247
18050 49.8688
18100 50.0376
18150 50.1834
18200 50.2271
18250 50.1875
18300 50.244
18350 50.2967
18400 50.306
18450 50.3753
18500 50.4735
18550 50.5819
18600 50.7185
18650 50.8761
18700 50.9842
18750 51.1109
18800 51.2406
18850 51.3142
18900 51.4396
18950 51.6189
19000 51.7004
19050 51.7779
19100 51.8793
19150 51.9702
19200 52.0942
19250 52.2618
19300 52.3893
19350 52.5123
19400 52.6511
19450 52.726
19500 52.8692
19550 53.0026
19600 53.0135
19650 53.0445
19700 53.1423
19750 53.2503
19800 53.3275
19850 53.4439
19900 53.6156
19950 53.7467
20000 53.8503
20050 53.9921
20100 54.0661
20150 54.1598
20200 54.2989
20250 54.4858
20300 54.7119
20350 54.9592
20400 55.1478
20450 55.3102
20500 55.474
20550 55.7326
20600 55.9906
20650 56.2233
20700 56.3552
20750 56.4999
20800 56.7216
20850 56.961
20900 57.187
20950 57.3821
21000 57.5438
21050 57.7111
21100 57.8695
21150 58.0534
21200 58.2557
21250 58.4355
21300 58.6444
21350 58.8518
21400 59.0742
21450 59.2986
21500 59.5684
21550 59.8101
21600 59.911
21650 59.8667
21700 59.9232
21750 59.9235
21800 59.9602
21850 60.0325
21900 60.152
21950 60.2975
22000 60.455
22050 60.654
22100 60.8837
22150 61.0941
22200 61.2346
22250 61.3763
22300 61.478
22350 61.5944
22400 61.7278
22450 61.7915
22500 61.8478
22550 61.8822
22600 61.8683
22650 61.8662
22700 61.9428
22750 62.0847
22800 62.2128
22850 62.3985
22900 62.5243
22950 62.6881
23000 62.8392
23050 62.9505
23100 63.1559
23150 63.3027
23200 63.3416
23250 63.3335
23300 63.4026
23350 63.5632
23400 63.8111
23450 64.0719
23500 64.2895
23550 64.5452
23600 64.8393
23650 65.0433
23700 65.2259
23750 65.3135
23800 65.4131
23850 65.5017
23900 65.5405
23950 65.5333
24000 65.6392
24050 65.6085
24100 65.5992
24150 65.684
24200 65.8874
24250 66.1532
24300 66.4754
24350 66.6931
24400 66.9053
24450 67.0802
24500 67.2549
24550 67.3948
24600 67.5214
24650 67.6898
24700 67.8185
24750 67.9158
24800 68.1247
24850 68.291
24900 68.4063
24950 68.4896
25000 68.6732
25050 68.8642
25100 69.0707
25150 69.3225
25200 69.6137
25250 69.8439
25300 70.0835
25350 70.2632
25400 70.3837
25450 70.5348
25500 70.5696
25550 70.6346
25600 70.8273
25650 71.0985
25700 71.3568
25750 71.6046
25800 71.8391
25850 72.0514
25900 72.3306
25950 72.5404
26000 72.7191
26050 72.94
26100 73.1958
26150 73.4094
26200 73.6855
26250 73.9433
26300 74.256
26350 74.5665
26400 74.6653
26450 74.7674
26500 74.9935
26550 75.1124
26600 75.2043
26650 75.3935
26700 75.5688
26750 75.727
26800 75.801
26850 75.8526
26900 75.946
26950 76.1251
27000 76.2916
27050 76.4826
27100 76.5236
27150 76.4767
27200 76.4484
27250 76.4936
27300 76.4962
27350 76.4541
27400 76.4715
27450 76.5815
27500 76.7967
27550 77.0244
27600 77.2068
27650 77.3175
27700 77.4581
27750 77.5468
27800 77.6615
27850 77.7774
27900 77.9243
27950 78.0334
28000 78.2243
28050 78.4317
28100 78.6166
28150 78.7637
28200 78.8105
28250 78.9027
28300 79.0161
28350 79.1262
28400 79.2567
28450 79.3577
28500 79.5102
28550 79.6455
28600 79.7567
28650 79.8304
28700 79.9757
28750 80.0811
28800 80.1422
28850 80.2218
28900 80.2794
28950 80.3602
29000 80.5668
29050 80.7604
29100 80.8859
29150 81.2191
29200 81.4793
29250 81.6613
29300 81.8445
29350 82.0176
29400 82.1404
29450 82.3035
29500 82.3244
29550 82.4472
29600 82.6254
29650 82.6742
29700 82.7481
29750 82.8367
29800 82.9936
29850 83.1861
29900 83.4044
29950 83.5087
30000 83.5906
30050 83.5806
30100 83.6998
30150 83.7564
30200 83.8981
30250 84.0395
30300 84.1829
30350 84.4633
30400 84.8132
30450 85.0963
30500 85.4022
30550 85.6767
30600 86.013
30650 86.219
30700 86.3646
30750 86.5186
30800 86.7472
30850 86.935
30900 87.0841
30950 87.1993
31000 87.2841
31050 87.4675
31100 87.8118
31150 88.1354
31200 88.4659
31250 88.6637
31300 88.8409
31350 88.9286
31400 89.0319
31450 89.2152
31500 89.2959
31550 89.4053
31600 89.4697
31650 89.462
31700 89.5467
31750 89.6386
31800 89.7379
31850 89.9008
31900 90.0419
31950 90.0459
32000 90.1546
32050 90.2529
32100 90.2114
32150 90.104
32200 90.0549
32250 90.0862
32300 90.1437
32350 90.2482
32400 90.3667
32450 90.4572
32500 90.601
32550 90.6511
32600 90.8599
32650 91.158
32700 91.4069
32750 91.6678
32800 91.9063
32850 92.1795
32900 92.4146
32950 92.592
33000 92.8071
33050 93.1358
33100 93.4796
33150 93.8019
33200 94.1744
33250 94.5519
33300 94.8171
33350 95.0798
33400 95.3257
33450 95.3817
33500 95.3816
33550 95.3913
33600 95.4137
33650 95.5025
33700 95.6832
33750 95.7825
33800 95.8559
33850 95.9952
33900 95.8827
33950 95.8107
34000 95.9059
34050 96.0916
34100 96.3674
34150 96.6149
34200 96.7944
34250 96.9625
34300 97.1807
34350 97.2605
34400 97.409
34450 97.4851
34500 97.5396
34550 97.6474
34600 97.6775
34650 97.6375
34700 97.5978
34750 97.6066
34800 97.7824
34850 97.9886
34900 98.3625
34950 98.7028
35000 98.8582
35050 98.9622
35100 98.9986
35150 99.0017
35200 99.1709
35250 99.3413
35300 99.4614
35350 99.6146
35400 99.7781
35450 99.984
35500 100.27
35550 100.601
35600 100.842
35650 100.961
35700 101.029
35750 101.211
35800 101.432
35850 101.579
35900 101.559
35950 101.524
36000 101.622
36050 101.824
36100 102.004
36150 102.193
36200 102.453
36250 102.64
36300 102.741
36350 102.94
36400 103.103
36450 103.258
36500 103.24
36550 103.254
36600 103.292
36650 103.519
36700 103.778
36750 103.876
36800 103.834
36850 103.791
36900 103.876
36950 104.016
37000 104.12
37050 104.16
37100 104.187
37150 104.288
37200 104.398
37250 104.623
37300 104.869
37350 105.085
37400 105.143
37450 105.21
37500 105.213
37550 105.152
37600 105.116
37650 105.111
37700 105.121
37750 105.14
37800 105.115
37850 105.204
37900 105.189
37950 105.305
38000 105.396
38050 105.609
38100 105.636
38150 105.768
38200 105.852
38250 105.869
38300 106.012
38350 106.186
38400 106.353
38450 106.619
38500 106.917
38550 107.128
38600 107.316
38650 107.584
38700 107.793
38750 107.954
38800 107.915
38850 107.975
38900 108.061
38950 108.148
39000 108.187
39050 108.25
39100 108.404
39150 108.589
39200 108.793
39250 108.917
39300 108.997
39350 109.005
39400 109.038
39450 109.184
39500 109.222
39550 109.328
39600 109.588
39650 109.93
39700 110.21
39750 110.534
39800 110.827
39850 111.053
39900 111.241
39950 111.44
40000 111.752
40050 112.088
40100 112.428
40150 112.742
40200 112.916
40250 113.136
40300 113.354
40350 113.612
40400 113.888
40450 114.021
40500 114.193
40550 114.327
40600 114.398
40650 114.378
40700 114.358
40750 114.284
40800 114.284
40850 114.383
40900 114.55
40950 114.587
41000 114.833
41050 115.082
41100 115.281
41150 115.634
41200 115.899
41250 115.982
41300 116.065
41350 116.212
41400 116.314
41450 116.51
41500 116.756
41550 116.94
41600 117.161
41650 117.468
41700 117.724
41750 117.89
41800 118.115
41850 118.271
41900 118.388
41950 118.438
42000 118.484
42050 118.47
42100 118.342
42150 118.32
42200 118.308
42250 118.349
42300 118.291
42350 118.266
42400 118.233
42450 118.214
42500 117.984
42550 117.78
42600 117.711
42650 117.829
42700 117.842
42750 117.88
42800 117.968
42850 118.051
42900 118.239
42950 118.409
43000 118.652
43050 118.954
43100 119.213
43150 119.53
43200 119.7
43250 119.864
43300 120.088
43350 120.317
43400 120.565
43450 120.779
43500 120.96
43550 121.045
43600 121.175
43650 121.224
43700 121.356
43750 121.514
43800 121.621
43850 121.837
43900 121.893
43950 121.98
44000 122.074
44050 122.171
44100 122.26
44150 122.32
44200 122.354
44250 122.377
44300 122.301
44350 122.08
44400 121.913
44450 121.741
44500 121.735
44550 121.709
44600 121.617
44650 121.593
44700 121.748
44750 121.869
44800 121.992
44850 122.139
44900 122.246
44950 122.205
45000 122.124
45050 122.117
45100 122.196
45150 122.331
45200 122.429
45250 122.578
45300 122.634
45350 122.713
45400 122.817
45450 122.825
45500 122.858
45550 122.971
45600 123.135
45650 123.291
45700 123.377
45750 123.368
45800 123.438
45850 123.557
45900 123.715
45950 124.002
46000 124.223
46050 124.412
46100 124.736
46150 125.084
46200 125.4
46250 125.7
46300 126.069
46350 126.375
46400 126.711
46450 127.01
46500 127.187
46550 127.371
46600 127.601
46650 127.633
46700 127.667
46750 127.788
46800 127.799
46850 127.773
46900 127.821
46950 127.727
47000 127.601
47050 127.508
47100 127.502
47150 127.616
47200 127.894
47250 128.179
47300 128.479
47350 128.663
47400 128.925
47450 129.161
47500 129.359
47550 129.467
47600 129.539
47650 129.593
47700 129.839
47750 130.168
47800 130.42
47850 130.59
47900 130.826
47950 131.115
48000 131.232
48050 131.375
48100 131.538
48150 131.739
48200 131.978
48250 132.217
48300 132.451
48350 132.633
48400 132.979
48450 133.322
48500 133.61
48550 133.697
48600 133.865
48650 134.075
48700 134.345
48750 134.543
48800 134.728
48850 134.823
48900 134.912
48950 135.057
49000 135.224
49050 135.345
49100 135.502
49150 135.688
49200 135.704
49250 135.684
49300 135.627
49350 135.68
49400 135.691
49450 135.652
49500 135.681
49550 135.705
49600 135.851
49650 136.044
49700 136.158
49750 136.221
49800 136.356
49850 136.506
49900 136.559
49950 136.563
50000 136.604
50050 136.642
50100 136.833
50150 137.111
50200 137.521
50250 138.032
50300 138.341
50350 138.631
50400 138.949
50450 139.269
50500 139.652
50550 139.95
50600 140.131
50650 140.176
50700 140.377
50750 140.655
50800 140.797
50850 140.832
50900 140.967
50950 141.366
51000 141.664
51050 141.763
51100 141.665
51150 141.68
51200 141.639
51250 141.79
51300 142.046
51350 142.251
51400 142.377
51450 142.393
51500 142.58
51550 142.744
51600 142.964
51650 143.356
51700 143.764
51750 144.097
51800 144.375
51850 144.742
51900 145.226
51950 145.58
52000 145.974
52050 146.342
52100 146.631
52150 146.846
52200 147.023
52250 147.054
52300 147.193
52350 147.325
52400 147.439
52450 147.566
52500 147.686
52550 147.847
52600 147.898
52650 147.867
52700 147.933
52750 148.001
52800 148.177
52850 148.263
52900 148.26
52950 148.142
53000 148.028
53050 148.027
53100 148.041
53150 148.147
53200 148.371
53250 148.53
53300 148.621
53350 148.585
53400 148.6
53450 148.544
53500 148.519
53550 148.48
53600 148.445
53650 148.508
53700 148.555
53750 148.579
53800 148.553
53850 148.59
53900 148.6
53950 148.641
54000 148.398
54050 148.275
54100 148.278
54150 148.376
54200 148.406
54250 148.425
54300 148.416
54350 148.339
54400 148.205
54450 148.005
54500 147.712
54550 147.491
54600 147.261
54650 147.24
54700 147.342
54750 147.475
54800 147.588
54850 147.731
54900 147.949
54950 147.985
55000 147.975
55050 147.98
55100 148.032
55150 148.02
55200 148.011
55250 148.001
55300 148.058
55350 148.071
55400 148.116
55450 148.151
55500 147.968
55550 147.9
55600 147.883
55650 147.976
55700 148.09
55750 148.094
55800 148.197
55850 148.227
55900 148.32
55950 148.536
56000 148.637
56050 148.552
56100 148.432
56150 148.402
56200 148.482
56250 148.566
56300 148.608
56350 148.803
56400 149.126
56450 149.304
56500 149.351
56550 149.502
56600 149.658
56650 149.809
56700 149.861
56750 149.847
56800 149.801
56850 149.789
56900 149.927
56950 150.168
57000 150.347
57050 150.429
57100 150.649
57150 150.757
57200 150.925
57250 151.14
57300 151.448
57350 151.592
57400 151.88
57450 152.067
57500 152.201
57550 152.552
57600 152.899
57650 153.277
57700 153.519
57750 153.812
57800 154.026
57850 154.205
57900 154.573
57950 154.718
58000 155.032
58050 155.341
58100 155.651
58150 155.966
58200 156.121
58250 156.286
58300 156.46
58350 156.688
58400 156.825
58450 156.861
58500 156.933
58550 157.034
58600 157.23
58650 157.475
58700 157.578
58750 157.572
58800 157.702
58850 157.813
58900 158.145
58950 158.266
59000 158.225
59050 158.252
59100 158.364
59150 158.445
59200 158.604
59250 158.786
59300 158.84
59350 158.888
59400 159.029
59450 159.402
59500 159.791
59550 160.101
59600 160.475
59650 160.631
59700 160.747
59750 160.801
59800 160.875
59850 161.118
59900 161.255
59950 161.45
60000 161.536
60050 161.646
60100 161.647
60150 161.543
60200 161.459
60250 161.441
60300 161.483
60350 161.601
60400 161.704
60450 161.564
60500 161.282
60550 161.135
60600 161.096
60650 161.154
60700 161.23
60750 161.461
60800 161.667
60850 161.788
60900 161.686
60950 161.616
61000 161.604
61050 161.636
61100 161.681
61150 161.704
61200 161.699
61250 161.619
61300 161.767
61350 161.835
61400 161.976
61450 162.118
61500 162.278
61550 162.232
61600 162.229
61650 162.324
61700 162.304
61750 162.278
61800 162.219
61850 162.193
61900 162.239
61950 162.129
62000 161.904
62050 161.726
62100 161.57
62150 161.542
62200 161.542
62250 161.55
62300 161.635
62350 161.612
62400 161.671
62450 161.768
62500 161.969
62550 162.142
62600 162.298
62650 162.374
62700 162.541
62750 162.729
62800 162.914
62850 163.105
62900 163.376
62950 163.483
63000 163.653
63050 163.739
63100 163.864
63150 163.816
63200 163.734
63250 163.585
63300 163.547
63350 163.62
63400 163.837
63450 164.106
63500 164.122
63550 164.067
63600 164.174
63650 164.156
63700 164.147
63750 164.133
63800 164.022
63850 163.922
63900 163.81
63950 163.579
64000 163.449
64050 163.474
64100 163.494
64150 163.643
64200 163.886
64250 163.979
64300 164.024
64350 164.325
64400 164.589
64450 164.783
64500 164.951
64550 165.236
64600 165.411
64650 165.643
64700 165.765
64750 165.692
64800 165.675
64850 165.711
64900 165.771
64950 165.839
65000 165.994
65050 166.304
65100 166.58
65150 166.869
65200 167.167
65250 167.523
65300 167.873
65350 168.157
65400 168.343
65450 168.47
65500 168.558
65550 168.673
65600 168.594
65650 168.481
65700 168.437
65750 168.415
65800 168.639
65850 168.907
65900 169.022
65950 169.051
66000 169.189
66050 169.399
66100 169.547
66150 169.73
66200 169.862
66250 170.07
66300 170.165
66350 170.475
66400 170.624
66450 170.819
66500 171.008
66550 171.08
66600 171.261
66650 171.488
66700 171.731
66750 171.916
66800 172.086
66850 172.306
66900 172.495
66950 172.624
67000 172.542
67050 172.552
67100 172.643
67150 172.945
67200 173.212
67250 173.332
67300 173.36
67350 173.297
67400 173.394
67450 173.721
67500 174.155
67550 174.639
67600 175.159
67650 175.613
67700 175.987
67750 176.368
67800 176.675
67850 176.89
67900 177.162
67950 177.441
68000 177.515
68050 177.452
68100 177.57
68150 177.547
68200 177.673
68250 177.643
68300 177.495
68350 177.452
68400 177.646
68450 177.639
68500 177.515
68550 177.331
68600 177.289
68650 177.257
68700 177.145
68750 177.155
68800 177.214
68850 177.45
68900 177.91
68950 178.237
69000 178.429
69050 178.619
69100 178.916
69150 179.086
69200 179.117
69250 179.228
69300 179.646
69350 179.987
69400 180.173
69450 180.251
69500 180.43
69550 180.545
69600 180.748
69650 180.957
69700 181.309
69750 181.708
69800 182.124
69850 182.425
69900 182.641
69950 182.866
70000 182.955
70050 183.06
70100 182.999
70150 182.919
70200 183.028
70250 183.097
70300 183.13
70350 183.396
70400 183.597
70450 183.64
70500 183.476
70550 183.399
70600 183.376
70650 183.378
70700 183.42
70750 183.556
70800 183.641
70850 183.611
70900 183.338
70950 183.086
71000 182.945
71050 182.755
71100 182.643
71150 182.604
71200 182.436
71250 182.344
71300 182.219
71350 182.17
71400 182.258
71450 182.447
71500 182.654
71550 182.93
71600 183.214
71650 183.625
71700 184.162
71750 184.857
71800 185.538
71850 186.177
71900 186.551
71950 186.849
72000 187.061
72050 187.191
72100 187.008
72150 186.858
72200 186.827
72250 186.743
72300 186.7
72350 186.74
72400 186.574
72450 186.353
72500 186.214
72550 186.164
72600 186.21
72650 186.083
72700 186.2
72750 186.472
72800 186.688
72850 186.837
72900 186.837
72950 186.835
73000 186.864
73050 187.01
73100 187.302
73150 187.668
73200 187.856
73250 187.948
73300 188.088
73350 188.337
73400 188.609
73450 188.748
73500 188.915
73550 189.109
73600 189.282
73650 189.586
73700 190.025
73750 190.561
73800 190.938
73850 191.159
73900 191.334
73950 191.519
74000 191.583
74050 191.548
74100 191.649
74150 191.83
74200 192.034
74250 191.933
74300 191.938
74350 191.957
74400 191.946
74450 192.195
74500 192.384
74550 192.578
74600 192.708
74650 192.785
74700 192.839
74750 192.853
74800 193.173
74850 193.476
74900 193.822
74950 194.081
75000 194.22
75050 194.46
75100 194.846
75150 194.966
75200 194.913
75250 195.006
75300 194.975
75350 195.06
75400 195.178
75450 195.206
75500 195.292
75550 195.458
75600 195.601
75650 195.747
75700 195.733
75750 195.816
75800 195.844
75850 195.803
75900 195.734
75950 195.639
76000 195.539
76050 195.227
76100 194.997
76150 194.843
76200 194.841
76250 194.861
76300 195.272
76350 195.694
76400 195.994
76450 196.192
76500 196.245
76550 196.281
76600 196.37
76650 196.596
76700 196.644
76750 196.729
76800 197.001
76850 197.264
76900 197.552
76950 197.698
77000 197.895
77050 198.093
77100 198.483
77150 198.835
77200 199.056
77250 199.182
77300 199.397
77350 199.688
77400 199.964
77450 200.238
77500 200.574
77550 200.822
77600 201.151
77650 201.427
77700 201.588
77750 201.77
77800 201.797
77850 201.824
77900 201.967
77950 202.057
78000 202.105
78050 202.06
78100 201.853
78150 201.844
78200 202.073
78250 202.262
78300 202.443
78350 202.669
78400 202.746
78450 202.712
78500 202.828
78550 202.609
78600 202.464
78650 202.26
78700 202.093
78750 201.967
78800 202.02
78850 201.98
78900 201.805
78950 201.722
79000 201.801
79050 201.826
79100 201.873
79150 202.042
79200 202.12
79250 202.082
79300 201.977
79350 201.875
79400 201.99
79450 202.033
79500 201.845
79550 201.886
79600 202.043
79650 202.078
79700 201.983
79750 201.844
79800 201.801
79850 201.768
79900 201.725
79950 201.804
80000 201.91
80050 202.011
80100 202.085
80150 202.329
80200 202.476
80250 202.677
80300 202.754
80350 203.013
80400 203.206
80450 203.242
80500 203.307
80550 203.511
80600 203.871
80650 204.087
80700 204.344
80750 204.636
80800 204.939
80850 205.308
80900 205.518
80950 205.705
81000 206.012
81050 206.267
81100 206.516
81150 206.666
81200 206.78
81250 206.966
81300 207.265
81350 207.392
81400 207.387
81450 207.53
81500 207.687
81550 207.703
81600 207.668
81650 207.618
81700 207.63
81750 207.721
81800 207.927
81850 208.339
81900 208.722
81950 208.793
82000 208.782
82050 208.613
82100 208.694
82150 208.906
82200 209.236
82250 209.62
82300 209.99
82350 210.348
82400 210.567
82450 210.812
82500 210.843
82550 210.86
82600 211.181
82650 211.479
82700 211.738
82750 211.948
82800 211.854
82850 211.873
82900 211.887
82950 211.829
83000 211.727
83050 211.702
83100 211.832
83150 211.819
83200 211.821
83250 211.964
83300 212.124
83350 212.308
83400 212.346
83450 212.337
83500 212.463
83550 212.517
83600 212.5
83650 212.542
83700 212.718
83750 212.944
83800 213.221
83850 213.449
83900 213.61
83950 213.762
84000 213.838
84050 213.945
84100 214.081
84150 214.107
84200 214.16
84250 214.232
84300 214.28
84350 214.358
84400 214.484
84450 214.745
84500 215.08
84550 215.287
84600 215.673
84650 216.084
84700 216.529
84750 216.996
84800 217.611
84850 218.009
84900 218.347
84950 218.623
85000 218.92
85050 219.118
85100 219.145
85150 219.15
85200 219.053
85250 218.945
85300 218.809
85350 218.861
85400 219.004
85450 219.127
85500 219.27
85550 219.396
85600 219.433
85650 219.571
85700 219.822
85750 220.237
85800 220.737
85850 221.203
85900 221.383
85950 221.213
86000 221.098
86050 221.127
86100 221.283
86150 221.415
86200 221.514
86250 221.743
86300 221.985
86350 222.301
86400 222.448
86450 222.631
86500 222.764
86550 222.937
86600 223.14
86650 223.263
86700 223.414
86750 223.7
86800 223.806
86850 223.922
86900 224.221
86950 224.481
87000 224.498
87050 224.476
87100 224.544
87150 224.778
87200 224.938
87250 225.189
87300 225.38
87350 225.648
87400 225.783
87450 225.794
87500 225.768
87550 225.72
87600 225.672
87650 225.747
87700 225.885
87750 225.879
87800 225.98
87850 226.087
87900 226.09
87950 226.167
88000 226.217
88050 226.272
88100 226.538
88150 226.561
88200 226.554
88250 226.483
88300 226.364
88350 226.696
88400 226.869
88450 226.864
88500 227.019
88550 227.188
88600 227.27
88650 227.292
88700 227.279
88750 227.393
88800 227.493
88850 227.571
88900 227.789
88950 227.982
89000 228.012
89050 228.246
89100 228.614
89150 228.714
89200 229.075
89250 229.351
89300 229.622
89350 229.917
89400 230.179
89450 230.332
89500 230.385
89550 230.371
89600 230.195
89650 230.048
89700 229.81
89750 229.703
89800 229.885
89850 230.09
89900 230.246
89950 230.164
90000 230.346
90050 230.43
90100 230.423
90150 230.532
90200 230.767
90250 231.176
90300 231.545
90350 231.815
90400 231.86
90450 231.851
90500 231.978
90550 232.143
90600 232.48
90650 232.769
90700 232.98
90750 233.073
90800 233.041
90850 233.168
90900 233.489
90950 233.738
91000 233.769
91050 233.697
91100 233.56
91150 233.53
91200 233.651
91250 233.773
91300 233.844
91350 233.928
91400 234.083
91450 234.299
91500 234.575
91550 234.962
91600 235.178
91650 235.347
91700 235.629
91750 235.94
91800 236.269
91850 236.627
91900 236.75
91950 236.893
92000 236.904
92050 236.871
92100 236.94
92150 237.323
92200 237.865
92250 238.126
92300 238.354
92350 238.499
92400 238.523
92450 238.638
92500 238.767
92550 238.886
92600 239.164
92650 239.486
92700 239.97
92750 240.281
92800 240.684
92850 241.169
92900 241.617
92950 241.955
93000 242.007
93050 242.088
93100 242.204
93150 242.153
93200 242.173
93250 242.086
93300 242.011
93350 241.912
93400 241.816
93450 241.572
93500 241.429
93550 241.595
93600 241.8
93650 242.093
93700 242.198
93750 242.188
93800 242.271
93850 242.262
93900 242.463
93950 242.499
94000 242.4
94050 242.506
94100 242.589
94150 242.603
94200 242.853
94250 243.154
94300 243.395
94350 243.555
94400 243.725
94450 243.655
94500 243.545
94550 243.476
94600 243.585
94650 243.659
94700 243.823
94750 243.905
94800 243.973
94850 243.978
94900 244.113
94950 244.481
95000 244.852
95050 245.184
95100 245.538
95150 246.139
95200 246.598
95250 246.974
95300 247.261
95350 247.513
95400 247.795
95450 248.124
95500 248.332
95550 248.498
95600 248.683
95650 248.789
95700 248.98
95750 249.051
95800 249.353
95850 249.509
95900 249.578
95950 249.659
96000 249.714
96050 249.764
96100 249.77
96150 249.785
96200 249.963
96250 250.081
96300 250.219
96350 250.228
96400 250.323
96450 250.414
96500 250.589
96550 250.678
96600 250.836
96650 251.157
96700 251.374
96750 251.404
96800 251.325
96850 250.996
96900 250.81
96950 250.72
97000 250.521
97050 250.63
97100 250.693
97150 250.906
97200 251.186
97250 251.396
97300 251.389
97350 251.44
97400 251.598
97450 251.692
97500 251.87
97550 252.281
97600 252.877
97650 253.231
97700 253.662
97750 254.112
97800 254.556
97850 254.758
97900 255
97950 255.143
98000 255.357
98050 255.594
98100 255.766
98150 255.819
98200 255.981
98250 256.107
98300 256.121
98350 256.161
98400 256.556
98450 257.019
98500 257.428
98550 257.758
98600 258.185
98650 258.537
98700 258.992
98750 259.22
98800 259.244
98850 259.278
98900 259.273
98950 259.469
99000 259.669
99050 259.906
99100 259.991
99150 260.03
99200 259.962
99250 259.942
99300 260.164
99350 260.246
99400 260.384
99450 260.561
99500 260.744
99550 261.075
99600 261.188
99650 261.374
99700 261.522
99750 262.002
99800 262.373
99850 262.464
99900 262.458
99950 262.555
100000 262.689
