# Time-averaged data for fix msd_avg_all
# TimeStep c_msd_all[4]
0 1.00974e-28
50 0.183499
100 0.4938
150 0.801732
200 1.07659
250 1.34215
300 1.60135
350 1.85738
400 2.09879
450 2.35271
500 2.59711
550 2.82628
600 3.03306
650 3.24111
700 3.44043
750 3.6597
800 3.86228
850 4.03776
900 4.21397
950 4.37401
1000 4.55794
1050 4.72274
1100 4.88856
1150 5.04891
1200 5.20056
1250 5.33086
1300 5.48402
1350 5.62352
1400 5.73089
1450 5.83713
1500 5.92457
1550 6.02739
1600 6.14147
1650 6.23793
1700 6.35935
1750 6.46987
1800 6.60733
1850 6.7677
1900 6.9169
1950 7.06244
2000 7.23169
2050 7.34666
2100 7.49813
2150 7.65422
2200 7.84359
2250 8.0004
2300 8.12443
2350 8.239
2400 8.29835
2450 8.36064
2500 8.41432
2550 8.5195
2600 8.64235
2650 8.77059
2700 8.88931
2750 8.97494
2800 9.09856
2850 9.24061
2900 9.3486
2950 9.45963
3000 9.58008
3050 9.66739
3100 9.76223
3150 9.91567
3200 10.0552
3250 10.1827
3300 10.28
3350 10.3681
3400 10.4569
3450 10.5673
3500 10.6673
3550 10.7847
3600 10.8659
3650 10.906
3700 10.9022
3750 10.9328
3800 10.979
3850 11.0307
3900 11.1048
3950 11.1399
4000 11.2578
4050 11.3611
4100 11.4276
4150 11.4879
4200 11.5725
4250 11.6525
4300 11.7397
4350 11.8847
4400 12.0121
4450 12.1207
4500 12.2158
4550 12.3301
4600 12.482
4650 12.6403
4700 12.7797
4750 12.8689
4800 12.9131
4850 12.97
4900 13.109
4950 13.26
5000 13.3988
5050 13.4565
5100 13.5619
5150 13.6865
5200 13.7796
5250 13.8551
5300 13.9035
5350 13.973
5400 14.0518
5450 14.0772
5500 14.1225
5550 14.1735
5600 14.2533
5650 14.3482
5700 14.4412
5750 14.5396
5800 14.6
5850 14.6476
5900 14.7645
5950 14.8636
6000 14.9371
6050 15.0677
6100 15.1729
6150 15.2317
6200 15.2495
6250 15.3038
6300 15.3881
6350 15.4797
6400 15.5919
6450 15.6635
6500 15.7297
6550 15.8314
6600 15.9853
6650 16.0868
6700 16.1472
6750 16.2444
6800 16.3188
6850 16.3379
6900 16.4022
6950 16.4326
7000 16.4666
7050 16.5005
7100 16.5251
7150 16.5733
7200 16.6022
7250 16.639
7300 16.7038
7350 16.7599
7400 16.8464
7450 16.8848
7500 16.927
7550 16.9487
7600 16.936
7650 16.9627
7700 16.9931
7750 17.018
7800 17.0478
7850 17.0568
7900 17.0548
7950 17.0998
8000 17.1667
8050 17.2208
8100 17.2544
8150 17.285
8200 17.3475
8250 17.4543
8300 17.5546
8350 17.6976
8400 17.8699
8450 17.9853
8500 18.0551
8550 18.1309
8600 18.2273
8650 18.3224
8700 18.4137
8750 18.5285
8800 18.6539
8850 18.7547
8900 18.8509
8950 18.9616
9000 19.1011
9050 19.2192
9100 19.2824
9150 19.2681
9200 19.2306
9250 19.274
9300 19.3404
9350 19.4191
9400 19.4859
9450 19.5687
9500 19.6452
9550 19.6636
9600 19.6751
9650 19.677
9700 19.6332
9750 19.5444
9800 19.4877
9850 19.4764
9900 19.4406
9950 19.347
10000 19.3517
10050 19.4098
10100 19.3781
10150 19.3965
10200 19.3866
10250 19.3727
10300 19.4166
10350 19.508
10400 19.6124
10450 19.7187
10500 19.8462
10550 19.927
10600 20.0175
10650 20.0672
10700 20.0855
10750 20.1389
10800 20.1859
10850 20.1342
10900 20.0799
10950 20.0467
11000 19.9968
11050 19.9738
11100 20.0027
11150 20.0778
11200 20.2818
11250 20.4557
11300 20.5888
11350 20.6861
11400 20.792
11450 20.9066
11500 20.9966
11550 21.0541
11600 21.0537
11650 21.1077
11700 21.1433
11750 21.078
11800 21.0568
11850 21.0202
11900 21.0335
11950 21.0615
12000 21.1573
12050 21.2411
12100 21.3173
12150 21.3886
12200 21.4955
12250 21.5595
12300 21.5614
12350 21.5804
12400 21.5658
12450 21.6149
12500 21.6819
12550 21.774
12600 21.8389
12650 21.9114
12700 22.0027
12750 22.0589
12800 22.0709
12850 22.1149
12900 22.1968
12950 22.2872
13000 22.3328
13050 22.3854
13100 22.4256
13150 22.4515
13200 22.468
13250 22.5061
13300 22.4825
13350 22.5411
13400 22.5646
13450 22.6465
13500 22.7311
13550 22.7808
13600 22.8435
13650 22.9405
13700 22.9418
13750 22.9399
13800 22.9833
13850 23.0224
13900 23.0942
13950 23.1126
14000 23.0613
14050 23.0799
14100 23.0744
14150 23.0623
14200 23.1224
14250 23.1633
14300 23.1817
14350 23.2164
14400 23.2698
14450 23.3203
14500 23.3832
14550 23.4078
14600 23.4375
14650 23.5568
14700 23.5858
14750 23.6075
14800 23.7045
14850 23.7524
14900 23.8418
14950 23.9336
15000 24.0144
15050 24.069
15100 24.1474
15150 24.2344
15200 24.2852
15250 24.3833
15300 24.4141
15350 24.4281
15400 24.3831
15450 24.4062
15500 24.4533
15550 24.4757
15600 24.5338
15650 24.6333
15700 24.6966
15750 24.709
15800 24.7591
15850 24.7949
15900 24.8563
15950 24.9162
16000 24.9843
16050 25.03
16100 25.1196
16150 25.2303
16200 25.2321
16250 25.2808
16300 25.3896
16350 25.4725
16400 25.553
16450 25.6706
16500 25.6993
16550 25.7176
16600 25.8003
16650 25.8932
16700 26.0188
16750 26.151
16800 26.1803
16850 26.2361
16900 26.3036
16950 26.412
17000 26.4713
17050 26.5366
17100 26.5791
17150 26.6971
17200 26.8178
17250 26.9103
17300 26.9876
17350 27.0366
17400 27.0891
17450 27.117
17500 27.1783
17550 27.1853
17600 27.1552
17650 27.0967
17700 27.0635
17750 27.0611
17800 27.012
17850 26.9391
17900 26.9259
17950 26.9745
18000 27.0104
18050 27.0163
18100 27.1692
18150 27.3187
18200 27.3776
18250 27.3932
18300 27.3899
18350 27.4485
18400 27.4476
18450 27.4227
18500 27.359
18550 27.309
18600 27.3027
18650 27.3095
18700 27.3578
18750 27.5249
18800 27.6919
18850 27.7877
18900 27.8939
18950 27.995
19000 28.094
19050 28.1798
19100 28.2416
19150 28.285
19200 28.3436
19250 28.3258
19300 28.2887
19350 28.305
19400 28.3925
19450 28.5339
19500 28.6077
19550 28.6426
19600 28.6623
19650 28.6856
19700 28.7648
19750 28.8302
19800 28.8774
19850 28.9343
19900 29.0103
19950 29.1194
20000 29.1698
20050 29.2407
20100 29.3048
20150 29.3216
20200 29.3037
20250 29.2615
20300 29.2637
20350 29.2315
20400 29.2071
20450 29.2092
20500 29.2653
20550 29.3174
20600 29.4115
20650 29.5352
20700 29.6256
20750 29.7129
20800 29.7467
20850 29.7946
20900 29.7714
20950 29.7948
21000 29.797
21050 29.7595
21100 29.8318
21150 29.9249
21200 29.9849
21250 30.057
21300 30.158
21350 30.2419
21400 30.3079
21450 30.3912
21500 30.3865
21550 30.4125
21600 30.4692
21650 30.4611
21700 30.417
21750 30.3549
21800 30.3273
21850 30.3515
21900 30.3794
21950 30.4404
22000 30.4936
22050 30.4395
22100 30.3401
22150 30.3145
22200 30.3245
22250 30.3149
22300 30.3193
22350 30.397
22400 30.4604
22450 30.5521
22500 30.6236
22550 30.7175
22600 30.8424
22650 30.8803
22700 30.8988
22750 30.921
22800 30.962
22850 31.0564
22900 31.0416
22950 31.0666
23000 31.0899
23050 31.0568
23100 31.0425
23150 31.0468
23200 31.0371
23250 31.0993
23300 31.2309
23350 31.3115
23400 31.3215
23450 31.3192
23500 31.4225
23550 31.4168
23600 31.3927
23650 31.4511
23700 31.4676
23750 31.569
23800 31.696
23850 31.8344
23900 31.9286
23950 31.9208
24000 31.878
24050 31.8167
24100 31.7879
24150 31.7547
24200 31.735
24250 31.7285
24300 31.7534
24350 31.7243
24400 31.7302
24450 31.802
24500 31.8619
24550 31.8657
24600 31.8409
24650 31.8399
24700 31.7892
24750 31.754
24800 31.7725
24850 31.7995
24900 31.8197
24950 31.8176
25000 31.8329
25050 31.8206
25100 31.8232
25150 31.8076
25200 31.7386
25250 31.7273
25300 31.6595
25350 31.5823
25400 31.6218
25450 31.6173
25500 31.6184
25550 31.5798
25600 31.5705
25650 31.5491
25700 31.5345
25750 31.5742
25800 31.5823
25850 31.5447
25900 31.6092
25950 31.7043
26000 31.7851
26050 31.8389
26100 31.9298
26150 32.0196
26200 32.1415
26250 32.2088
26300 32.2935
26350 32.3076
26400 32.3723
26450 32.4907
26500 32.5056
26550 32.562
26600 32.5743
26650 32.5813
26700 32.5813
26750 32.7189
26800 32.7787
26850 32.8281
26900 32.9082
26950 32.985
27000 33.0072
27050 33.0415
27100 33.1518
27150 33.2546
27200 33.2964
27250 33.3678
27300 33.4386
27350 33.5101
27400 33.5772
27450 33.6464
27500 33.7787
27550 33.8695
27600 34.0032
27650 34.1249
27700 34.278
27750 34.4123
27800 34.4705
27850 34.4174
27900 34.4603
27950 34.4596
28000 34.5217
28050 34.5887
28100 34.6183
28150 34.6702
28200 34.7454
28250 34.7892
28300 34.7573
28350 34.6669
28400 34.5625
28450 34.5203
28500 34.5178
28550 34.5559
28600 34.61
28650 34.6622
28700 34.7006
28750 34.7079
28800 34.7399
28850 34.7065
28900 34.6787
28950 34.6612
29000 34.6522
29050 34.707
29100 34.7725
29150 34.9027
29200 35.0257
29250 35.0725
29300 35.0633
29350 35.0042
29400 34.943
29450 34.9451
29500 34.996
29550 35.039
29600 35.0926
29650 35.0745
29700 35.0746
29750 35.1146
29800 35.1844
29850 35.2894
29900 35.464
29950 35.5884
30000 35.6714
30050 35.6788
30100 35.7103
30150 35.7566
30200 35.7335
30250 35.7013
30300 35.745
30350 35.7702
30400 35.7987
30450 35.8914
30500 36.0131
30550 36.1271
30600 36.2789
30650 36.3369
30700 36.2956
30750 36.3094
30800 36.4394
30850 36.5458
30900 36.6117
30950 36.7575
31000 36.8876
31050 36.8838
31100 36.8898
31150 36.8868
31200 36.8091
31250 36.7319
31300 36.6956
31350 36.582
31400 36.604
31450 36.6236
31500 36.6673
31550 36.7911
31600 36.9006
31650 36.9573
31700 37.0165
31750 37.0738
31800 37.1623
31850 37.304
31900 37.3979
31950 37.4786
32000 37.4855
32050 37.4566
32100 37.4454
32150 37.5123
32200 37.6027
32250 37.6049
32300 37.5574
32350 37.5839
32400 37.6622
32450 37.7889
32500 37.8574
32550 37.8123
32600 37.7424
32650 37.655
32700 37.6423
32750 37.6588
32800 37.626
32850 37.7068
32900 37.715
32950 37.7012
33000 37.7607
33050 37.8379
33100 37.8344
33150 37.7656
33200 37.7084
33250 37.729
33300 37.7479
33350 37.8229
33400 37.8537
33450 37.8503
33500 37.8311
33550 37.7794
33600 37.7574
33650 37.8417
33700 37.8487
33750 37.8245
33800 37.8669
33850 37.8977
33900 37.9187
33950 37.9574
34000 38.0198
34050 38.1161
34100 38.0769
34150 38.026
34200 37.9437
34250 37.8784
34300 37.8779
34350 37.9697
34400 38.0624
34450 38.2222
34500 38.2609
34550 38.3319
34600 38.4761
34650 38.5757
34700 38.7041
34750 38.9117
34800 39.1168
34850 39.26
34900 39.355
34950 39.4479
35000 39.5617
35050 39.699
35100 39.8585
35150 40.0197
35200 40.1301
35250 40.1656
35300 40.2571
35350 40.4164
35400 40.5896
35450 40.7212
35500 40.8356
35550 40.8819
35600 40.9573
35650 41.0289
35700 41.0493
35750 41.0521
35800 41.1693
35850 41.2944
35900 41.4178
35950 41.468
36000 41.5747
36050 41.723
36100 41.8979
36150 41.9694
36200 42.0618
36250 42.0727
36300 42.1285
36350 42.1251
36400 42.0553
36450 41.9826
36500 41.9334
36550 41.9636
36600 42.0075
36650 41.9448
36700 41.8677
36750 41.8084
36800 41.7017
36850 41.5508
36900 41.5136
36950 41.4934
37000 41.4373
37050 41.3046
37100 41.2239
37150 41.1238
37200 41.0336
37250 40.9018
37300 40.7879
37350 40.7678
37400 40.7636
37450 40.7543
37500 40.7184
37550 40.6691
37600 40.7137
37650 40.7487
37700 40.6971
37750 40.6868
37800 40.7972
37850 40.8884
37900 40.9888
37950 41.0344
38000 41.1375
38050 41.2867
38100 41.2478
38150 41.2251
38200 41.2494
38250 41.2661
38300 41.3462
38350 41.3669
38400 41.4494
38450 41.586
38500 41.7366
38550 41.8718
38600 41.9664
38650 42.048
38700 42.1363
38750 42.2173
38800 42.1455
38850 42.105
38900 42.0807
38950 42.0885
39000 42.0596
39050 42.0731
39100 42.1778
39150 42.3745
39200 42.5256
39250 42.582
39300 42.5733
39350 42.667
39400 42.7585
39450 42.8012
39500 42.8416
39550 42.8679
39600 42.8693
39650 42.8554
39700 42.7924
39750 42.7662
39800 42.7252
39850 42.6771
39900 42.5826
39950 42.5279
40000 42.5192
40050 42.5503
40100 42.5949
40150 42.6492
40200 42.7383
40250 42.8894
40300 43.0817
40350 43.3067
40400 43.4579
40450 43.5516
40500 43.6587
40550 43.8898
40600 43.9968
40650 44.0421
40700 44.1189
40750 44.199
40800 44.3034
40850 44.4063
40900 44.5112
40950 44.6839
41000 44.7586
41050 44.7837
41100 44.8124
41150 44.9573
41200 45.0095
41250 45.051
41300 45.0445
41350 45.1098
41400 45.1864
41450 45.2488
41500 45.2744
41550 45.3038
41600 45.3729
41650 45.3456
41700 45.3426
41750 45.4117
41800 45.4705
41850 45.45
41900 45.4379
41950 45.399
42000 45.3131
42050 45.2586
42100 45.1281
42150 45.0404
42200 45.0366
42250 45.0108
42300 44.9624
42350 44.8887
42400 44.792
42450 44.781
42500 44.7573
42550 44.6611
42600 44.676
42650 44.7744
42700 44.9032
42750 44.9791
42800 45.0636
42850 45.0974
42900 45.1675
42950 45.1806
43000 45.2373
43050 45.3625
43100 45.426
43150 45.4357
43200 45.5363
43250 45.6432
43300 45.7599
43350 45.912
43400 46.0889
43450 46.2674
43500 46.4048
43550 46.4541
43600 46.525
43650 46.5534
43700 46.5678
43750 46.5714
43800 46.5927
43850 46.7149
43900 46.8269
43950 46.8938
44000 46.9741
44050 47.0603
44100 47.0442
44150 47.064
44200 46.997
44250 46.9771
44300 46.9592
44350 46.9936
44400 46.9793
44450 46.9082
44500 46.8227
44550 46.7625
44600 46.6599
44650 46.618
44700 46.6898
44750 46.7465
44800 46.7428
44850 46.7791
44900 46.9206
44950 46.9494
45000 46.8795
45050 46.8474
45100 46.8298
45150 46.8368
45200 46.8409
45250 46.7762
45300 46.8114
45350 46.8983
45400 47.031
45450 47.1702
45500 47.2355
45550 47.2877
45600 47.2467
45650 47.2892
45700 47.2925
45750 47.3382
45800 47.5266
45850 47.6531
45900 47.7154
45950 47.9224
46000 48.1207
46050 48.2554
46100 48.3064
46150 48.3314
46200 48.4238
46250 48.4662
46300 48.4893
46350 48.4843
46400 48.4951
46450 48.5253
46500 48.5507
46550 48.6442
46600 48.7059
46650 48.8122
46700 48.9283
46750 49.0074
46800 49.0509
46850 49.0279
46900 49.0539
46950 49.139
47000 49.2056
47050 49.2984
47100 49.4839
47150 49.6169
47200 49.7466
47250 49.9106
47300 50.0706
47350 50.1658
47400 50.2135
47450 50.1441
47500 50.1297
47550 50.0844
47600 50.1728
47650 50.2508
47700 50.272
47750 50.212
47800 50.1367
47850 50.1275
47900 50.169
47950 50.1265
48000 50.0473
48050 50.0265
48100 49.8855
48150 49.8314
48200 49.8607
48250 49.9584
48300 50.0905
48350 50.2431
48400 50.3514
48450 50.4131
48500 50.6557
48550 50.8427
48600 50.9201
48650 51.041
48700 51.161
48750 51.2604
48800 51.2982
48850 51.3291
48900 51.4332
48950 51.4501
49000 51.497
49050 51.4629
49100 51.6163
49150 51.7234
49200 51.7841
49250 51.7927
49300 51.7844
49350 51.7193
49400 51.6889
49450 51.6412
49500 51.5576
49550 51.5317
49600 51.6062
49650 51.7818
49700 51.8595
49750 51.8669
49800 51.8201
49850 51.7491
49900 51.6234
49950 51.5704
50000 51.5068
50050 51.5204
50100 51.5245
50150 51.6273
50200 51.8313
50250 52.0207
50300 52.1583
50350 52.2692
50400 52.3451
50450 52.4309
50500 52.4397
50550 52.4523
50600 52.4568
50650 52.4576
50700 52.4623
50750 52.5234
50800 52.5328
50850 52.5751
50900 52.5544
50950 52.5112
51000 52.4027
51050 52.2728
51100 52.2875
51150 52.2937
51200 52.2886
51250 52.288
51300 52.3365
51350 52.305
51400 52.2947
51450 52.3595
51500 52.3486
51550 52.3705
51600 52.4475
51650 52.4972
51700 52.4663
51750 52.4779
51800 52.4726
51850 52.5436
51900 52.7289
51950 52.8583
52000 52.886
52050 52.8469
52100 52.7598
52150 52.6863
52200 52.694
52250 52.6666
52300 52.5249
52350 52.3616
52400 52.1941
52450 52.0518
52500 52.0168
52550 51.9618
52600 51.935
52650 51.9064
52700 51.7422
52750 51.707
52800 51.6498
52850 51.5736
52900 51.4999
52950 51.4877
53000 51.5059
53050 51.3853
53100 51.2529
53150 51.1811
53200 51.0307
53250 50.8802
53300 50.7925
53350 50.7947
53400 50.787
53450 50.7592
53500 50.8066
53550 50.8288
53600 50.7732
53650 50.7441
53700 50.7188
53750 50.7381
53800 50.755
53850 50.7914
53900 50.7796
53950 50.8859
54000 51.0288
54050 51.1443
54100 51.1809
54150 51.1211
54200 51.0275
54250 51.0504
54300 51.1049
54350 51.0933
54400 51.05
54450 50.9266
54500 50.7373
54550 50.6523
54600 50.7223
54650 50.8628
54700 51.0731
54750 51.214
54800 51.2593
54850 51.2705
54900 51.2429
54950 51.1959
55000 51.2132
55050 51.305
55100 51.3902
55150 51.4359
55200 51.3949
55250 51.3499
55300 51.3771
55350 51.339
55400 51.3588
55450 51.4021
55500 51.4595
55550 51.5155
55600 51.5791
55650 51.514
55700 51.4579
55750 51.4844
55800 51.5323
55850 51.5577
55900 51.6039
55950 51.5133
56000 51.3973
56050 51.3985
56100 51.4212
56150 51.4327
56200 51.4358
56250 51.4215
56300 51.4874
56350 51.6684
56400 51.8038
56450 51.8502
56500 51.8985
56550 51.9894
56600 52.0596
56650 52.1021
56700 52.118
56750 52.1231
56800 52.2314
56850 52.3865
56900 52.492
56950 52.5304
57000 52.5576
57050 52.6687
57100 52.7775
57150 52.9359
57200 52.9798
57250 52.99
57300 53.0345
57350 53.0683
57400 53.1284
57450 53.1494
57500 53.1314
57550 53.0834
57600 53.0709
57650 53.0554
57700 52.959
57750 52.8261
57800 52.8123
57850 52.7911
57900 52.8241
57950 52.9129
58000 52.9769
58050 52.8969
58100 52.9056
58150 52.8593
58200 52.7053
58250 52.6317
58300 52.569
58350 52.5112
58400 52.4686
58450 52.4541
58500 52.5947
58550 52.6948
58600 52.6961
58650 52.7497
58700 52.827
58750 52.8355
58800 52.7716
58850 52.7378
58900 52.788
58950 52.8167
59000 52.83
59050 52.8691
59100 52.9191
59150 52.9824
59200 53.0634
59250 53.1544
59300 53.3283
59350 53.4116
59400 53.517
59450 53.6649
59500 53.7239
59550 53.8026
59600 53.9054
59650 53.9752
59700 54.051
59750 54.0981
59800 54.1374
59850 54.2664
59900 54.4643
59950 54.6794
60000 54.7866
60050 54.7676
60100 54.8794
60150 54.855
60200 54.7027
60250 54.6025
60300 54.5929
60350 54.5821
60400 54.5565
60450 54.5948
60500 54.5718
60550 54.5187
60600 54.4965
60650 54.4271
60700 54.4662
60750 54.5577
60800 54.6019
60850 54.6427
60900 54.7349
60950 54.8136
61000 54.9722
61050 55.0532
61100 55.1261
61150 55.2177
61200 55.227
61250 55.2282
61300 55.1436
61350 55.1468
61400 55.1938
61450 55.2013
61500 55.166
61550 55.1256
61600 55.1599
61650 55.1636
61700 55.1582
61750 55.1855
61800 55.1815
61850 55.2403
61900 55.3318
61950 55.2299
62000 55.1382
62050 55.017
62100 54.8426
62150 54.7506
62200 54.8528
62250 54.8615
62300 54.8725
62350 54.8347
62400 54.7163
62450 54.6605
62500 54.548
62550 54.6057
62600 54.5479
62650 54.4311
62700 54.3646
62750 54.3283
62800 54.3526
62850 54.4618
62900 54.4949
62950 54.4616
63000 54.5199
63050 54.5412
63100 54.6547
63150 54.7651
63200 54.8305
63250 54.8607
63300 54.8707
63350 54.9225
63400 54.9739
63450 54.9426
63500 54.9097
63550 54.8127
63600 54.754
63650 54.6904
63700 54.6157
63750 54.4876
63800 54.4379
63850 54.3827
63900 54.306
63950 54.2089
64000 54.1495
64050 54.1439
64100 54.1323
64150 54.119
64200 54.146
64250 54.1735
64300 54.2318
64350 54.2737
64400 54.2779
64450 54.3096
64500 54.2902
64550 54.3269
64600 54.2095
64650 54.0948
64700 54.0264
64750 54.0381
64800 53.9932
64850 53.9551
64900 53.9588
64950 54.0287
65000 54.2081
65050 54.3346
65100 54.3427
65150 54.4261
65200 54.4227
65250 54.4786
65300 54.4719
65350 54.5213
65400 54.5623
65450 54.5368
65500 54.5364
65550 54.4834
65600 54.4058
65650 54.3203
65700 54.2061
65750 54.2297
65800 54.2382
65850 54.2662
65900 54.3061
65950 54.3644
66000 54.4278
66050 54.4118
66100 54.392
66150 54.3833
66200 54.3653
66250 54.2772
66300 54.2578
66350 54.1325
66400 54.0014
66450 53.8059
66500 53.6701
66550 53.6819
66600 53.7118
66650 53.6957
66700 53.7433
66750 53.808
66800 53.8423
66850 53.8585
66900 53.8021
66950 53.6556
67000 53.5789
67050 53.4983
67100 53.3775
67150 53.2709
67200 53.2531
67250 53.3477
67300 53.4307
67350 53.5215
67400 53.535
67450 53.4458
67500 53.3935
67550 53.3819
67600 53.3347
67650 53.2897
67700 53.2
67750 53.1448
67800 53.0681
67850 53.0592
67900 52.9994
67950 52.9996
68000 52.9891
68050 52.9968
68100 52.986
68150 53.0467
68200 53.1306
68250 53.3134
68300 53.4819
68350 53.6291
68400 53.7437
68450 53.786
68500 53.9066
68550 54.0051
68600 54.0156
68650 54.0204
68700 54.093
68750 54.1396
68800 54.2147
68850 54.3348
68900 54.4257
68950 54.5033
69000 54.5786
69050 54.675
69100 54.748
69150 54.7885
69200 54.8604
69250 54.9742
69300 55.0769
69350 55.2338
69400 55.3314
69450 55.5158
69500 55.5718
69550 55.6399
69600 55.7096
69650 55.7074
69700 55.6877
69750 55.6922
69800 55.694
69850 55.6248
69900 55.5537
69950 55.4742
70000 55.5453
70050 55.5022
70100 55.3934
70150 55.3707
70200 55.4026
70250 55.4496
70300 55.5279
70350 55.4419
70400 55.5138
70450 55.4916
70500 55.4876
70550 55.487
70600 55.3677
70650 55.2399
70700 55.14
70750 55.1747
70800 55.246
70850 55.3355
70900 55.3744
70950 55.4943
71000 55.6479
71050 55.7432
71100 55.846
71150 55.8548
71200 55.8222
71250 55.8171
71300 55.7757
71350 55.7048
71400 55.741
71450 55.8249
71500 55.8974
71550 55.909
71600 55.9578
71650 55.9457
71700 55.9044
71750 55.9783
71800 56.0002
71850 56.1317
71900 56.2089
71950 56.3128
72000 56.3359
72050 56.2593
72100 56.2144
72150 56.1125
72200 56.132
72250 56.0852
72300 56.1491
72350 56.1895
72400 56.2931
72450 56.365
72500 56.2943
72550 56.3397
72600 56.4947
72650 56.6367
72700 56.8163
72750 56.9691
72800 57.1193
72850 57.1698
72900 57.2942
72950 57.4243
73000 57.4817
73050 57.5167
73100 57.5692
73150 57.6856
73200 57.7588
73250 57.7459
73300 57.7061
73350 57.679
73400 57.6554
73450 57.5989
73500 57.6321
73550 57.5885
73600 57.4792
73650 57.44
73700 57.4328
73750 57.5002
73800 57.5551
73850 57.5453
73900 57.5646
73950 57.6267
74000 57.6057
74050 57.525
74100 57.5255
74150 57.5694
74200 57.5568
74250 57.5815
74300 57.5952
74350 57.7714
74400 57.9109
74450 58.0528
74500 58.1204
74550 58.2365
74600 58.2141
74650 58.1383
74700 58.1375
74750 58.1301
74800 58.1443
74850 58.1393
74900 58.1142
74950 57.9626
75000 57.8964
75050 57.8693
75100 57.8336
75150 57.8328
75200 57.8029
75250 57.8093
75300 57.9222
75350 58.0723
75400 58.1723
75450 58.2481
75500 58.3672
75550 58.4412
75600 58.4307
75650 58.4655
75700 58.6432
75750 58.7645
75800 58.8005
75850 58.8335
75900 58.9362
75950 58.8978
76000 58.8246
76050 58.8045
76100 58.7957
76150 58.8506
76200 58.9905
76250 59.0663
76300 59.0377
76350 59.0254
76400 59.0921
76450 59.1232
76500 59.1333
76550 59.1723
76600 59.2285
76650 59.2487
76700 59.3326
76750 59.5012
76800 59.6765
76850 59.8524
76900 60.0074
76950 60.2209
77000 60.3623
77050 60.4916
77100 60.6218
77150 60.6562
77200 60.8051
77250 60.8476
77300 60.9198
77350 60.8781
77400 60.7841
77450 60.7204
77500 60.7431
77550 60.7171
77600 60.6377
77650 60.5121
77700 60.4202
77750 60.3706
77800 60.4253
77850 60.3638
77900 60.3842
77950 60.3245
78000 60.3703
78050 60.5295
78100 60.6303
78150 60.621
78200 60.6765
78250 60.7057
78300 60.6864
78350 60.712
78400 60.7732
78450 60.8073
78500 60.8297
78550 60.8615
78600 61.001
78650 61.0336
78700 61.1554
78750 61.2301
78800 61.2659
78850 61.3159
78900 61.3382
78950 61.3171
79000 61.3167
79050 61.4471
79100 61.6927
79150 61.8879
79200 61.9695
79250 62.0833
79300 62.2194
79350 62.3299
79400 62.4329
79450 62.4012
79500 62.286
79550 62.2421
79600 62.3157
79650 62.3306
79700 62.3356
79750 62.4116
79800 62.5847
79850 62.8445
79900 62.9899
79950 63.0207
80000 63.0069
80050 62.9235
80100 62.8689
80150 62.8826
80200 63.0105
80250 63.0636
80300 63.1333
80350 63.0608
80400 62.9469
80450 62.9103
80500 63.0006
80550 62.9874
80600 63.0387
80650 63.0658
80700 63.1484
80750 63.2961
80800 63.3686
80850 63.4501
80900 63.5331
80950 63.6341
81000 63.842
81050 63.9904
81100 64.0387
81150 64.205
81200 64.3143
81250 64.415
81300 64.5161
81350 64.5803
81400 64.5646
81450 64.5
81500 64.4794
81550 64.5264
81600 64.5671
81650 64.6366
81700 64.6801
81750 64.5756
81800 64.4812
81850 64.3349
81900 64.3184
81950 64.3262
82000 64.2946
82050 64.3819
82100 64.4201
82150 64.366
82200 64.297
82250 64.3151
82300 64.3188
82350 64.3182
82400 64.4754
82450 64.6745
82500 64.7682
82550 64.9014
82600 65.0188
82650 65.0889
82700 65.0659
82750 65.0023
82800 65.0174
82850 65.1046
82900 65.2033
82950 65.3233
83000 65.5117
83050 65.5196
83100 65.5445
83150 65.62
83200 65.7297
83250 65.7689
83300 65.8493
83350 65.9017
83400 66.0313
83450 66.1556
83500 66.4035
83550 66.5777
83600 66.797
83650 66.9961
83700 67.1365
83750 67.1532
83800 67.1574
83850 67.1334
83900 67.1508
83950 67.1216
84000 67.2153
84050 67.2097
84100 67.1672
84150 67.1757
84200 67.1835
84250 67.1989
84300 67.1248
84350 67.2219
84400 67.3152
84450 67.2697
84500 67.2702
84550 67.2208
84600 67.1351
84650 67.0687
84700 67.0613
84750 67.0917
84800 67.2491
84850 67.5014
84900 67.6942
84950 67.872
85000 67.9817
85050 68.0934
85100 68.2661
85150 68.3062
85200 68.3565
85250 68.4395
85300 68.3845
85350 68.3585
85400 68.2639
85450 68.217
85500 68.247
85550 68.2231
85600 68.2796
85650 68.3458
85700 68.3432
85750 68.4276
85800 68.4832
85850 68.4707
85900 68.4216
85950 68.388
86000 68.4604
86050 68.4827
86100 68.481
86150 68.3407
86200 68.334
86250 68.3251
86300 68.422
86350 68.548
86400 68.6206
86450 68.5432
86500 68.4295
86550 68.3413
86600 68.2578
86650 68.1221
86700 67.9753
86750 67.9032
86800 67.9887
86850 68.0138
86900 67.8779
86950 67.8023
87000 67.6869
87050 67.6281
87100 67.7136
87150 67.7083
87200 67.7138
87250 67.7337
87300 67.7719
87350 67.8882
87400 68.051
87450 68.1759
87500 68.2365
87550 68.1959
87600 68.0558
87650 67.8844
87700 67.8337
87750 67.8215
87800 67.7713
87850 67.816
87900 67.8087
87950 67.7871
88000 67.7811
88050 67.8801
88100 68.0314
88150 68.1713
88200 68.2877
88250 68.3139
88300 68.308
88350 68.4464
88400 68.5211
88450 68.6605
88500 68.64
88550 68.7941
88600 68.8424
88650 68.6833
88700 68.5046
88750 68.4646
88800 68.4433
88850 68.6115
88900 68.7258
88950 68.8143
89000 68.9028
89050 69.1219
89100 69.3176
89150 69.4487
89200 69.5542
89250 69.7888
89300 70.0696
89350 70.2958
89400 70.5073
89450 70.7472
89500 71.0223
89550 71.2402
89600 71.4249
89650 71.5264
89700 71.6807
89750 71.726
89800 71.7528
89850 71.6599
89900 71.6257
89950 71.6503
90000 71.6635
90050 71.8052
90100 71.9997
90150 72.1316
90200 72.2154
90250 72.2145
90300 72.2005
90350 72.2397
90400 72.2552
90450 72.2918
90500 72.3123
90550 72.3315
90600 72.3426
90650 72.3313
90700 72.4152
90750 72.4543
90800 72.4519
90850 72.454
90900 72.4883
90950 72.4171
91000 72.418
91050 72.4842
91100 72.6131
91150 72.8797
91200 73.1051
91250 73.3042
91300 73.474
91350 73.6125
91400 73.7382
91450 73.7766
91500 73.855
91550 73.9405
91600 73.944
91650 73.8726
91700 73.8499
91750 73.8788
91800 73.9223
91850 73.8364
91900 73.7797
91950 73.7396
92000 73.8778
92050 73.9719
92100 74.1471
92150 74.2703
92200 74.3762
92250 74.3386
92300 74.1993
92350 74.1028
92400 74.1381
92450 74.1851
92500 74.1275
92550 74.0304
92600 74.0484
92650 74.1441
92700 74.2642
92750 74.2952
92800 74.2806
92850 74.3248
92900 74.2824
92950 74.1853
93000 74.3015
93050 74.5141
93100 74.653
93150 74.654
93200 74.8068
93250 74.9347
93300 75.0816
93350 75.1765
93400 75.2495
93450 75.2119
93500 75.1747
93550 75.0555
93600 75.0073
93650 74.9602
93700 74.9219
93750 74.9145
93800 74.9287
93850 74.8898
93900 74.7714
93950 74.7267
94000 74.7538
94050 74.742
94100 74.6338
94150 74.5635
94200 74.6955
94250 74.7171
94300 74.7659
94350 74.8488
94400 74.9161
94450 74.8967
94500 74.9914
94550 75.1654
94600 75.1538
94650 75.2607
94700 75.5071
94750 75.7345
94800 75.803
94850 75.8566
94900 75.9765
94950 75.9906
95000 76.1317
95050 76.2962
95100 76.3786
95150 76.3906
95200 76.4746
95250 76.7139
95300 76.7913
95350 76.7801
95400 76.7954
95450 76.8669
95500 77.0319
95550 77.1001
95600 77.2703
95650 77.4502
95700 77.5969
95750 77.6306
95800 77.6176
95850 77.6162
95900 77.6361
95950 77.5639
96000 77.4454
96050 77.5014
96100 77.5869
96150 77.6955
96200 77.8131
96250 77.8946
96300 77.9106
96350 77.8477
96400 77.9034
96450 77.9894
96500 78.0714
96550 78.0351
96600 78.0381
96650 78.1779
96700 78.2237
96750 78.2687
96800 78.2615
96850 78.3031
96900 78.2143
96950 78.1919
97000 78.2016
97050 78.2887
97100 78.3637
97150 78.4985
97200 78.6729
97250 78.823
97300 78.9492
97350 79.0137
97400 79.1356
97450 79.3007
97500 79.3067
97550 79.4099
97600 79.5
97650 79.4456
97700 79.3234
97750 79.283
97800 79.1164
97850 78.8934
97900 78.6247
97950 78.4616
98000 78.3299
98050 78.2711
98100 78.2274
98150 78.2117
98200 78.1592
98250 78.0634
98300 77.9359
98350 77.898
98400 78.0285
98450 78.1917
98500 78.3079
98550 78.4419
98600 78.5592
98650 78.6871
98700 78.8688
98750 78.9504
98800 78.9953
98850 79.0221
98900 78.9798
98950 79.0226
99000 79.021
99050 79.0231
99100 79.0609
99150 79.202
99200 79.396
99250 79.5407
99300 79.6952
99350 79.814
99400 79.8559
99450 79.9647
99500 80.1298
99550 80.2734
99600 80.3117
99650 80.3214
99700 80.4471
99750 80.4215
99800 80.3837
99850 80.3616
99900 80.2648
99950 80.1402
100000 79.9854
