# Time-averaged data for fix msd_avg_all
# TimeStep c_msd_all[4]
0 1.25059e-28
50 0.185227
100 0.490079
150 0.790836
200 1.05057
250 1.27486
300 1.51583
350 1.7368
400 1.94769
450 2.16978
500 2.38988
550 2.5835
600 2.79143
650 2.97288
700 3.12438
750 3.25667
800 3.39795
850 3.53835
900 3.68736
950 3.83215
1000 3.9621
1050 4.08239
1100 4.23704
1150 4.42335
1200 4.60114
1250 4.77043
1300 4.94344
1350 5.11164
1400 5.26469
1450 5.41673
1500 5.53491
1550 5.64613
1600 5.76175
1650 5.86176
1700 5.95742
1750 6.08197
1800 6.22926
1850 6.36441
1900 6.49815
1950 6.64447
2000 6.77314
2050 6.86882
2100 6.94939
2150 7.0206
2200 7.08259
2250 7.15167
2300 7.21892
2350 7.28592
2400 7.36832
2450 7.46564
2500 7.55802
2550 7.60191
2600 7.66885
2650 7.72194
2700 7.79576
2750 7.87632
2800 7.96511
2850 8.09178
2900 8.19676
2950 8.25903
3000 8.29431
3050 8.36283
3100 8.43397
3150 8.49781
3200 8.58734
3250 8.6582
3300 8.7396
3350 8.83917
3400 8.915
3450 8.98104
3500 9.05101
3550 9.13516
3600 9.20348
3650 9.26443
3700 9.36555
3750 9.43452
3800 9.56859
3850 9.70089
3900 9.82183
3950 9.85781
4000 9.90395
4050 9.99822
4100 10.1009
4150 10.1844
4200 10.2369
4250 10.3167
4300 10.4054
4350 10.4995
4400 10.602
4450 10.7095
4500 10.8395
4550 10.9622
4600 11.0598
4650 11.1631
4700 11.2511
4750 11.3486
4800 11.4856
4850 11.5725
4900 11.663
4950 11.72
5000 11.8173
5050 11.8797
5100 11.9593
5150 12.0257
5200 12.0953
5250 12.2067
5300 12.3357
5350 12.4581
5400 12.5557
5450 12.6818
5500 12.7598
5550 12.8707
5600 12.986
5650 13.1027
5700 13.1717
5750 13.2493
5800 13.2998
5850 13.349
5900 13.4072
5950 13.4905
6000 13.5426
6050 13.5855
6100 13.6986
6150 13.8105
6200 13.9413
6250 14.0896
6300 14.192
6350 14.3149
6400 14.4159
6450 14.5097
6500 14.5991
6550 14.7226
6600 14.7856
6650 14.8411
6700 14.915
6750 14.9601
6800 14.9994
6850 14.9876
6900 14.971
6950 14.9586
7000 14.9387
7050 14.9364
7100 14.9963
7150 15.0714
7200 15.1047
7250 15.1264
7300 15.2591
7350 15.3653
7400 15.4537
7450 15.5503
7500 15.6764
7550 15.7767
7600 15.8331
7650 15.879
7700 15.9016
7750 15.9716
7800 16.0743
7850 16.1436
7900 16.202
7950 16.3088
8000 16.4273
8050 16.6028
8100 16.7526
8150 16.8916
8200 17.0254
8250 17.1692
8300 17.3024
8350 17.3612
8400 17.4225
8450 17.5356
8500 17.6906
8550 17.8322
8600 17.9155
8650 18.0063
8700 18.0574
8750 18.0993
8800 18.1835
8850 18.2328
8900 18.2386
8950 18.2381
9000 18.3199
9050 18.3903
9100 18.4468
9150 18.4827
9200 18.569
9250 18.6484
9300 18.7009
9350 18.756
9400 18.8033
9450 18.8474
9500 18.8778
9550 18.8534
9600 18.9215
9650 18.9726
9700 19.0463
9750 19.1065
9800 19.17
9850 19.2209
9900 19.2853
9950 19.3817
10000 19.4111
10050 19.4246
10100 19.4862
10150 19.5344
10200 19.5775
10250 19.6879
10300 19.7461
10350 19.8269
10400 19.9098
10450 19.9922
10500 20.0301
10550 20.0976
10600 20.1508
10650 20.2509
10700 20.3576
10750 20.3086
10800 20.3381
10850 20.3321
10900 20.2618
10950 20.1792
11000 20.1672
11050 20.2124
11100 20.2647
11150 20.3463
11200 20.4497
11250 20.4943
11300 20.5015
11350 20.5073
11400 20.5433
11450 20.5499
11500 20.5823
11550 20.664
11600 20.6768
11650 20.7018
11700 20.629
11750 20.5674
11800 20.4628
11850 20.4176
11900 20.4399
11950 20.4716
12000 20.5099
12050 20.5477
12100 20.566
12150 20.5668
12200 20.5677
12250 20.6129
12300 20.6463
12350 20.7146
12400 20.7499
12450 20.8127
12500 20.9215
12550 21.0038
12600 21.1016
12650 21.1837
12700 21.2971
12750 21.4113
12800 21.5397
12850 21.6136
12900 21.6248
12950 21.6427
13000 21.7263
13050 21.8009
13100 21.8081
13150 21.826
13200 21.8818
13250 21.9428
13300 21.9901
13350 22.0506
13400 22.1447
13450 22.2316
13500 22.2432
13550 22.24
13600 22.2356
13650 22.2129
13700 22.1488
13750 22.1412
13800 22.1091
13850 22.0992
13900 22.0761
13950 22.0815
14000 22.0457
14050 22.0758
14100 22.148
14150 22.2998
14200 22.3866
14250 22.4201
14300 22.4227
14350 22.4156
14400 22.4769
14450 22.5594
14500 22.6439
14550 22.7447
14600 22.769
14650 22.75
14700 22.7827
14750 22.8462
14800 22.8618
14850 22.8792
14900 22.8824
14950 22.8674
15000 22.8353
15050 22.8302
15100 22.8188
15150 22.8213
15200 22.8519
15250 22.9325
15300 22.9882
15350 23.0472
15400 23.1583
15450 23.2744
15500 23.425
15550 23.507
15600 23.6133
15650 23.6774
15700 23.6838
15750 23.6598
15800 23.6072
15850 23.6331
15900 23.7263
15950 23.852
16000 23.969
16050 24.0045
16100 23.9851
16150 24.0714
16200 24.1916
16250 24.2803
16300 24.3814
16350 24.5044
16400 24.6359
16450 24.7122
16500 24.7228
16550 24.6722
16600 24.6496
16650 24.6975
16700 24.7248
16750 24.7726
16800 24.8288
16850 24.8464
16900 24.8873
16950 24.9458
17000 25.0639
17050 25.1791
17100 25.3432
17150 25.4389
17200 25.5224
17250 25.5997
17300 25.6514
17350 25.7205
17400 25.7948
17450 25.8728
17500 25.8872
17550 25.8684
17600 25.8605
17650 25.8638
17700 25.9605
17750 26.0302
17800 25.9799
17850 25.9346
17900 25.9108
17950 25.8211
18000 25.7305
18050 25.6513
18100 25.5611
18150 25.5577
18200 25.5851
18250 25.6112
18300 25.6477
18350 25.6901
18400 25.7357
18450 25.8181
18500 25.8742
18550 25.9811
18600 26.1249
18650 26.3059
18700 26.3896
18750 26.4423
18800 26.575
18850 26.7226
18900 26.8169
18950 26.8664
19000 26.8654
19050 26.9001
19100 26.9921
19150 27.0123
19200 27.0428
19250 27.0882
19300 27.1259
19350 27.211
19400 27.2797
19450 27.3732
19500 27.4296
19550 27.4372
19600 27.5278
19650 27.6125
19700 27.6513
19750 27.7087
19800 27.7869
19850 27.8538
19900 27.8758
19950 27.8753
20000 27.973
20050 28.1104
20100 28.2895
20150 28.4265
20200 28.4657
20250 28.4286
20300 28.3643
20350 28.2753
20400 28.1824
20450 28.1679
20500 28.2111
20550 28.2806
20600 28.4422
20650 28.5041
20700 28.5578
20750 28.5904
20800 28.5931
20850 28.6577
20900 28.6388
20950 28.6054
21000 28.5852
21050 28.5989
21100 28.5859
21150 28.589
21200 28.6502
21250 28.7447
21300 28.7649
21350 28.7439
21400 28.8209
21450 28.8906
21500 28.903
21550 28.9573
21600 28.9971
21650 28.9734
21700 28.9462
21750 28.8753
21800 28.8279
21850 28.7906
21900 28.8228
21950 28.9188
22000 29.0565
22050 29.0733
22100 29.0837
22150 29.0435
22200 29.0269
22250 28.9576
22300 28.914
22350 28.9447
22400 29.0458
22450 29.1869
22500 29.366
22550 29.4194
22600 29.4436
22650 29.5448
22700 29.6198
22750 29.709
22800 29.8068
22850 29.9146
22900 29.9622
22950 30.0225
23000 30.0491
23050 30.1597
23100 30.3258
23150 30.4048
23200 30.4588
23250 30.4603
23300 30.5195
23350 30.6319
23400 30.7178
23450 30.7734
23500 30.7577
23550 30.7183
23600 30.7463
23650 30.7596
23700 30.6634
23750 30.6352
23800 30.6377
23850 30.7085
23900 30.8179
23950 30.864
24000 30.8767
24050 30.8992
24100 30.9737
24150 31.0798
24200 31.1956
24250 31.2284
24300 31.2975
24350 31.4997
24400 31.7202
24450 31.9003
24500 31.9904
24550 32.0058
24600 31.9806
24650 31.94
24700 31.9981
24750 32.0472
24800 32.1337
24850 32.1593
24900 32.1897
24950 32.1964
25000 32.2063
25050 32.1892
25100 32.1511
25150 32.1178
25200 32.0435
25250 31.9853
25300 31.9414
25350 31.9029
25400 31.8611
25450 31.8865
25500 31.9134
25550 31.8975
25600 31.9115
25650 31.9635
25700 31.9682
25750 32.0755
25800 32.133
25850 32.1638
25900 32.1387
25950 32.1594
26000 32.1881
26050 32.261
26100 32.285
26150 32.3081
26200 32.2957
26250 32.3246
26300 32.4058
26350 32.5131
26400 32.5781
26450 32.6712
26500 32.7503
26550 32.6943
26600 32.6695
26650 32.6574
26700 32.6217
26750 32.5299
26800 32.5265
26850 32.6446
26900 32.7464
26950 32.7853
27000 32.8397
27050 32.9241
27100 33.0188
27150 33.1364
27200 33.2147
27250 33.355
27300 33.4466
27350 33.5298
27400 33.5464
27450 33.63
27500 33.7301
27550 33.85
27600 33.8604
27650 33.9263
27700 33.9272
27750 33.983
27800 34.0884
27850 34.1723
27900 34.2472
27950 34.2783
28000 34.3594
28050 34.5222
28100 34.7404
28150 34.9311
28200 35.135
28250 35.254
28300 35.3756
28350 35.4913
28400 35.613
28450 35.6923
28500 35.7704
28550 35.8613
28600 35.9303
28650 35.9241
28700 35.9289
28750 36.0278
28800 36.1139
28850 36.1334
28900 36.1652
28950 36.182
29000 36.1751
29050 36.1884
29100 36.2193
29150 36.196
29200 36.1634
29250 36.1786
29300 36.2039
29350 36.1958
29400 36.1809
29450 36.2063
29500 36.173
29550 36.1851
29600 36.2443
29650 36.2824
29700 36.3013
29750 36.245
29800 36.3306
29850 36.3095
29900 36.2678
29950 36.2206
30000 36.2736
30050 36.3043
30100 36.4039
30150 36.5131
30200 36.6661
30250 36.7822
30300 36.8718
30350 37.0642
30400 37.1029
30450 37.0842
30500 37.0674
30550 37.1134
30600 37.1303
30650 37.1031
30700 37.1064
30750 37.0623
30800 36.9871
30850 36.9734
30900 36.9149
30950 36.8529
31000 36.7771
31050 36.702
31100 36.6336
31150 36.5168
31200 36.3897
31250 36.3309
31300 36.3133
31350 36.2685
31400 36.1981
31450 36.2866
31500 36.3621
31550 36.393
31600 36.5231
31650 36.6954
31700 36.911
31750 37.1441
31800 37.331
31850 37.5084
31900 37.6136
31950 37.7166
32000 37.7942
32050 37.746
32100 37.73
32150 37.7722
32200 37.7978
32250 37.7404
32300 37.6885
32350 37.7146
32400 37.8321
32450 37.8797
32500 37.9017
32550 37.9394
32600 37.9426
32650 38.0075
32700 38.0042
32750 38.024
32800 37.9845
32850 37.8999
32900 37.8938
32950 37.8816
33000 37.8966
33050 37.9641
33100 37.9099
33150 37.8587
33200 37.9082
33250 37.9982
33300 38.0508
33350 38.1694
33400 38.2105
33450 38.1482
33500 38.1068
33550 38.1298
33600 38.1138
33650 38.0981
33700 38.1016
33750 38.0727
33800 38.1735
33850 38.26
33900 38.3726
33950 38.4801
34000 38.6534
34050 38.6857
34100 38.7207
34150 38.7349
34200 38.7235
34250 38.7595
34300 38.8175
34350 38.8998
34400 38.8495
34450 38.8161
34500 38.9089
34550 38.8687
34600 38.8709
34650 38.8884
34700 38.9284
34750 39.0355
34800 39.173
34850 39.1559
34900 39.1136
34950 39.1104
35000 39.1423
35050 39.118
35100 39.1586
35150 39.2176
35200 39.2664
35250 39.3293
35300 39.3212
35350 39.3611
35400 39.4228
35450 39.4127
35500 39.4152
35550 39.3304
35600 39.2375
35650 39.2062
35700 39.0998
35750 39.1171
35800 39.0831
35850 39.0921
35900 39.2303
35950 39.3705
36000 39.4451
36050 39.4009
36100 39.3923
36150 39.4421
36200 39.487
36250 39.6119
36300 39.7173
36350 39.8241
36400 39.8788
36450 39.9552
36500 39.9174
36550 39.8856
36600 39.9648
36650 40.0242
36700 40.025
36750 40.0975
36800 40.1864
36850 40.3462
36900 40.389
36950 40.483
37000 40.5349
37050 40.5952
37100 40.5766
37150 40.6236
37200 40.5589
37250 40.5358
37300 40.4995
37350 40.5968
37400 40.7361
37450 40.8334
37500 40.8543
37550 40.9129
37600 41.053
37650 41.1591
37700 41.2797
37750 41.4304
37800 41.5778
37850 41.681
37900 41.653
37950 41.6637
38000 41.7326
38050 41.7472
38100 41.8453
38150 41.9797
38200 42.1365
38250 42.2948
38300 42.4592
38350 42.5726
38400 42.5835
38450 42.6754
38500 42.7845
38550 42.8517
38600 42.8928
38650 42.9167
38700 42.8911
38750 42.9159
38800 42.9024
38850 42.8745
38900 42.9538
38950 43.0654
39000 43.1471
39050 43.1991
39100 43.2152
39150 43.2559
39200 43.3809
39250 43.4319
39300 43.4196
39350 43.4483
39400 43.479
39450 43.3796
39500 43.3157
39550 43.2625
39600 43.2536
39650 43.2344
39700 43.2012
39750 43.2519
39800 43.3803
39850 43.4116
39900 43.3747
39950 43.4759
40000 43.5965
40050 43.6994
40100 43.7415
40150 43.7888
40200 43.8442
40250 43.8568
40300 43.9822
40350 44.0309
40400 44.0352
40450 44.0375
40500 44.1482
40550 44.2727
40600 44.3906
40650 44.4403
40700 44.4818
40750 44.4795
40800 44.5871
40850 44.6479
40900 44.7685
40950 44.9457
41000 45.0516
41050 45.1331
41100 45.2626
41150 45.4148
41200 45.473
41250 45.5389
41300 45.5975
41350 45.6075
41400 45.641
41450 45.6628
41500 45.5824
41550 45.6116
41600 45.6711
41650 45.6606
41700 45.7151
41750 45.7498
41800 45.8105
41850 45.869
41900 45.9457
41950 46.0296
42000 46.0215
42050 46.0314
42100 46.0853
42150 46.0805
42200 46.1599
42250 46.2434
42300 46.4058
42350 46.4849
42400 46.5786
42450 46.7163
42500 46.8511
42550 46.9
42600 46.9331
42650 47.0155
42700 47.173
42750 47.2061
42800 47.1983
42850 47.1877
42900 47.2426
42950 47.3563
43000 47.3322
43050 47.3211
43100 47.2933
43150 47.3371
43200 47.3913
43250 47.4841
43300 47.5569
43350 47.4417
43400 47.2718
43450 47.1372
43500 47.1176
43550 47.1538
43600 47.0467
43650 46.9838
43700 47.0222
43750 47.0645
43800 47.0764
43850 47.098
43900 47.0782
43950 46.9653
44000 46.7972
44050 46.6971
44100 46.5949
44150 46.5813
44200 46.6405
44250 46.6974
44300 46.7647
44350 46.8261
44400 46.8589
44450 46.9711
44500 47.0629
44550 47.1967
44600 47.3522
44650 47.5143
44700 47.7689
44750 47.944
44800 48.073
44850 48.2445
44900 48.3903
44950 48.3796
45000 48.3534
45050 48.3863
45100 48.34
45150 48.2363
45200 48.2033
45250 48.1821
45300 48.1426
45350 48.1283
45400 48.2063
45450 48.301
45500 48.2947
45550 48.2794
45600 48.2528
45650 48.247
45700 48.3612
45750 48.4788
45800 48.4914
45850 48.4876
45900 48.4966
45950 48.5756
46000 48.5934
46050 48.5301
46100 48.4737
46150 48.3702
46200 48.4529
46250 48.5473
46300 48.6295
46350 48.6942
46400 48.7216
46450 48.7819
46500 48.9322
46550 49.0787
46600 49.2342
46650 49.4321
46700 49.5577
46750 49.5948
46800 49.7201
46850 49.774
46900 49.8212
46950 49.8422
47000 49.8605
47050 49.8926
47100 50.0799
47150 50.2097
47200 50.4079
47250 50.5116
47300 50.5232
47350 50.4547
47400 50.402
47450 50.3899
47500 50.4385
47550 50.5045
47600 50.5134
47650 50.5465
47700 50.5474
47750 50.488
47800 50.3219
47850 50.1969
47900 50.1655
47950 50.0643
48000 50.1151
48050 50.1331
48100 50.3097
48150 50.5663
48200 50.7323
48250 50.9554
48300 50.9536
48350 50.9667
48400 50.9689
48450 51.1424
48500 51.2922
48550 51.3357
48600 51.3829
48650 51.5664
48700 51.6926
48750 51.7411
48800 51.8389
48850 51.8795
48900 51.8936
48950 51.8981
49000 51.8744
49050 51.9439
49100 51.9842
49150 52.0417
49200 52.125
49250 52.1418
49300 52.0778
49350 52.0812
49400 52.0726
49450 52.1127
49500 52.1419
49550 52.201
49600 52.2324
49650 52.2081
49700 52.3221
49750 52.3172
49800 52.2969
49850 52.3984
49900 52.4629
49950 52.5783
50000 52.6508
50050 52.6063
50100 52.6328
50150 52.6846
50200 52.7428
50250 52.8349
50300 52.9192
50350 52.8829
50400 52.8366
50450 52.8024
50500 52.8179
50550 52.8599
50600 53.0564
50650 53.3241
50700 53.5094
50750 53.6308
50800 53.677
50850 53.7125
50900 53.8955
50950 53.9585
51000 53.9161
51050 53.8694
51100 53.8813
51150 54.0135
51200 54.1148
51250 54.2259
51300 54.4133
51350 54.5618
51400 54.5722
51450 54.5512
51500 54.5505
51550 54.6788
51600 54.8279
51650 54.963
51700 55.054
51750 55.1062
51800 55.0988
51850 55.1549
51900 55.1782
51950 55.2652
52000 55.3593
52050 55.3467
52100 55.4878
52150 55.6203
52200 55.6576
52250 55.7042
52300 55.7461
52350 55.8487
52400 55.9585
52450 56.0991
52500 56.2462
52550 56.2367
52600 56.2339
52650 56.2873
52700 56.2869
52750 56.2895
52800 56.2549
52850 56.1988
52900 56.1004
52950 55.9883
53000 55.9725
53050 55.8837
53100 55.8432
53150 55.9117
53200 56.1071
53250 56.2513
53300 56.3925
53350 56.58
53400 56.7428
53450 56.834
53500 56.881
53550 56.8648
53600 56.9257
53650 57.0312
53700 57.1153
53750 57.1633
53800 57.366
53850 57.7765
53900 58.1714
53950 58.3278
54000 58.3933
54050 58.4869
54100 58.5497
54150 58.5806
54200 58.4795
54250 58.4308
54300 58.4279
54350 58.4066
54400 58.4723
54450 58.4638
54500 58.5061
54550 58.5464
54600 58.6396
54650 58.7164
54700 58.829
54750 58.943
54800 58.978
54850 58.7923
54900 58.5866
54950 58.468
55000 58.3374
55050 58.1938
55100 58.1391
55150 58.1393
55200 58.292
55250 58.3734
55300 58.3399
55350 58.4143
55400 58.5396
55450 58.572
55500 58.6234
55550 58.651
55600 58.6286
55650 58.7203
55700 58.8705
55750 59.0485
55800 59.2015
55850 59.3963
55900 59.5441
55950 59.5075
56000 59.4011
56050 59.2749
56100 59.256
56150 59.2891
56200 59.2325
56250 59.2095
56300 59.1131
56350 59.0555
56400 59.0281
56450 59.0934
56500 59.1345
56550 59.1717
56600 59.2436
56650 59.2058
56700 59.0771
56750 59.0937
56800 59.0589
56850 59.0587
56900 59.0622
56950 59.0906
57000 59.0998
57050 59.0423
57100 59.0423
57150 59.1597
57200 59.3671
57250 59.4651
57300 59.4853
57350 59.4577
57400 59.44
57450 59.4616
57500 59.4687
57550 59.5511
57600 59.6563
57650 59.6695
57700 59.6307
57750 59.6475
57800 59.6899
57850 59.6763
57900 59.693
57950 59.7556
58000 60.0199
58050 60.1102
58100 60.1506
58150 60.1557
58200 60.0726
58250 59.875
58300 59.8371
58350 59.7878
58400 59.6057
58450 59.5334
58500 59.4788
58550 59.4974
58600 59.5874
58650 59.7301
58700 59.9383
58750 60.1808
58800 60.3674
58850 60.5441
58900 60.7453
58950 60.8428
59000 60.9141
59050 61.0223
59100 61.1778
59150 61.3772
59200 61.5587
59250 61.6745
59300 61.7128
59350 61.6966
59400 61.8369
59450 61.8922
59500 62.0111
59550 62.0967
59600 62.2252
59650 62.2597
59700 62.3818
59750 62.4483
59800 62.5158
59850 62.6094
59900 62.6826
59950 62.6605
60000 62.6894
60050 62.7071
60100 62.7252
60150 62.6717
60200 62.6901
60250 62.7744
60300 62.8326
60350 62.8381
60400 62.8969
60450 62.9628
60500 63.0091
60550 62.9866
60600 62.92
60650 62.8464
60700 62.8676
60750 62.7453
60800 62.6955
60850 62.6011
60900 62.6225
60950 62.6659
61000 62.7203
61050 62.8123
61100 62.895
61150 62.8835
61200 62.8679
61250 62.9346
61300 63.0397
61350 63.1638
61400 63.2986
61450 63.3365
61500 63.4927
61550 63.6529
61600 63.7866
61650 63.9425
61700 63.9837
61750 63.9659
61800 64.0187
61850 64.1856
61900 64.3095
61950 64.2894
62000 64.2597
62050 64.1992
62100 64.0745
62150 63.9934
62200 63.9702
62250 64.0656
62300 64.0868
62350 64.1517
62400 64.1851
62450 64.1573
62500 64.1594
62550 64.1732
62600 64.2662
62650 64.3693
62700 64.4545
62750 64.5863
62800 64.748
62850 64.8404
62900 64.8841
62950 64.9724
63000 65.1271
63050 65.3622
63100 65.4551
63150 65.6233
63200 65.7109
63250 65.7861
63300 65.8716
63350 65.9211
63400 65.9912
63450 66.0733
63500 66.1046
63550 66.1155
63600 66.1666
63650 66.3189
63700 66.421
63750 66.384
63800 66.3585
63850 66.1917
63900 66.0639
63950 65.9811
64000 65.9826
64050 65.9919
64100 65.9981
64150 65.9742
64200 65.999
64250 66.0778
64300 66.1053
64350 66.1284
64400 66.0866
64450 66.0835
64500 66.0452
64550 66.0224
64600 65.98
64650 65.9783
64700 66.1702
64750 66.3664
64800 66.5433
64850 66.7567
64900 66.8491
64950 66.758
65000 66.7805
65050 66.8037
65100 66.8491
65150 66.8646
65200 66.9341
65250 66.9759
65300 67.0136
65350 67.1483
65400 67.2208
65450 67.1589
65500 67.1835
65550 67.1618
65600 67.1966
65650 67.2651
65700 67.306
65750 67.3752
65800 67.4913
65850 67.5885
65900 67.6579
65950 67.7382
66000 67.6744
66050 67.8077
66100 67.9976
66150 68.1302
66200 68.3277
66250 68.4513
66300 68.4954
66350 68.575
66400 68.7127
66450 68.8723
66500 69.1646
66550 69.2953
66600 69.4622
66650 69.6343
66700 69.8034
66750 69.9413
66800 70.0604
66850 70.0954
66900 70.0897
66950 70.1118
67000 70.1396
67050 70.0285
67100 69.8997
67150 69.7425
67200 69.6353
67250 69.4778
67300 69.3437
67350 69.3809
67400 69.3737
67450 69.3913
67500 69.4731
67550 69.5433
67600 69.5472
67650 69.5794
67700 69.635
67750 69.6365
67800 69.7532
67850 69.9202
67900 70.1162
67950 70.1879
68000 70.3583
68050 70.4486
68100 70.4647
68150 70.4933
68200 70.5719
68250 70.5436
68300 70.5453
68350 70.6574
68400 70.804
68450 70.9109
68500 71.0066
68550 71.0763
68600 71.0682
68650 71.0244
68700 71.0629
68750 71.1158
68800 71.1331
68850 71.1436
68900 71.0765
68950 71.0259
69000 70.9988
69050 71.0189
69100 71.1039
69150 71.1676
69200 71.1903
69250 71.1918
69300 71.1405
69350 71.0235
69400 71.0374
69450 71.0915
69500 71.2776
69550 71.5719
69600 71.7264
69650 71.7532
69700 71.701
69750 71.7744
69800 71.8235
69850 71.9652
69900 72.0887
69950 72.2264
70000 72.2762
70050 72.3101
70100 72.2802
70150 72.2812
70200 72.3642
70250 72.5173
70300 72.6681
70350 72.7442
70400 72.7471
70450 72.7557
70500 72.6576
70550 72.7091
70600 72.78
70650 72.8738
70700 72.82
70750 72.799
70800 72.7745
70850 72.7007
70900 72.5937
70950 72.5007
71000 72.53
71050 72.5518
71100 72.6525
71150 72.6894
71200 72.7833
71250 72.765
71300 72.6825
71350 72.6403
71400 72.6886
71450 72.6865
71500 72.6314
71550 72.6201
71600 72.513
71650 72.4838
71700 72.5495
71750 72.6017
71800 72.6709
71850 72.7606
71900 72.9118
71950 72.9518
72000 72.9141
72050 72.9249
72100 72.9481
72150 73.1614
72200 73.3084
72250 73.4427
72300 73.6386
72350 73.739
72400 73.9147
72450 74.0518
72500 74.1936
72550 74.3911
72600 74.6581
72650 74.9295
72700 75.1461
72750 75.1636
72800 75.1514
72850 75.1419
72900 75.3806
72950 75.4873
73000 75.5568
73050 75.6896
73100 75.8329
73150 75.9623
73200 76.066
73250 76.173
73300 76.136
73350 76.1116
73400 76.195
73450 76.4669
73500 76.6345
73550 76.7474
73600 76.8351
73650 76.9631
73700 77.0196
73750 77.0662
73800 76.9546
73850 76.7888
73900 76.7283
73950 76.8284
74000 76.9524
74050 76.9484
74100 76.9012
74150 76.7926
74200 76.8124
74250 76.8039
74300 76.73
74350 76.7124
74400 76.8047
74450 77.0232
74500 77.1724
74550 77.3756
74600 77.4413
74650 77.4435
74700 77.3908
74750 77.4079
74800 77.3832
74850 77.2203
74900 77.0832
74950 76.8962
75000 76.7897
75050 76.6623
75100 76.4837
75150 76.2999
75200 76.1403
75250 75.9597
75300 75.7408
75350 75.4747
75400 75.2732
75450 75.1621
75500 75.0617
75550 74.9161
75600 74.7444
75650 74.6633
75700 74.4526
75750 74.2177
75800 74.0656
75850 73.9282
75900 73.8501
75950 73.7921
76000 73.7284
76050 73.69
76100 73.6669
76150 73.682
76200 73.7433
76250 73.8165
76300 74.0231
76350 74.1694
76400 74.3841
76450 74.5976
76500 74.7643
76550 74.9127
76600 74.9712
76650 75.1794
76700 75.2925
76750 75.4046
76800 75.631
76850 75.7554
76900 75.7707
76950 75.8101
77000 75.9616
77050 76.0545
77100 76.1608
77150 76.278
77200 76.4987
77250 76.7424
77300 76.9804
77350 77.1022
77400 77.1285
77450 77.1148
77500 77.0972
77550 77.0779
77600 76.9712
77650 76.8486
77700 76.7044
77750 76.64
77800 76.5612
77850 76.4655
77900 76.514
77950 76.3812
78000 76.4306
78050 76.5056
78100 76.6141
78150 76.7424
78200 76.8128
78250 76.8914
78300 76.9877
78350 77.1217
78400 77.4014
78450 77.7561
78500 78.1081
78550 78.3418
78600 78.604
78650 78.6823
78700 78.7283
78750 78.8122
78800 78.8432
78850 78.9238
78900 79.0575
78950 79.1126
79000 79.1288
79050 79.1414
79100 79.1524
79150 79.2034
79200 79.1704
79250 79.2204
79300 79.3181
79350 79.3887
79400 79.3539
79450 79.1889
79500 79.1398
79550 79.219
79600 79.3184
79650 79.4121
79700 79.4173
79750 79.462
79800 79.4996
79850 79.4785
79900 79.4547
79950 79.543
80000 79.7821
80050 80.026
80100 80.1187
80150 80.0974
80200 80.0453
80250 80.0792
80300 80.0852
80350 80.0248
80400 80.0247
80450 80.1194
80500 80.2799
80550 80.424
80600 80.4975
80650 80.587
80700 80.7726
80750 81.0034
80800 81.2347
80850 81.4172
80900 81.5015
80950 81.6585
81000 81.6591
81050 81.616
81100 81.5015
81150 81.4265
81200 81.5565
81250 81.6243
81300 81.858
81350 82.0315
81400 81.9938
81450 81.9968
81500 82.0637
81550 81.9829
81600 81.9493
81650 82.1444
81700 82.3132
81750 82.3964
81800 82.4697
81850 82.5683
81900 82.7261
81950 82.8929
82000 83.0241
82050 83.1227
82100 83.1607
82150 83.2945
82200 83.444
82250 83.5877
82300 83.6432
82350 83.6554
82400 83.7683
82450 83.8386
82500 83.9735
82550 84.0011
82600 84.0365
82650 84.0254
82700 83.952
82750 83.9099
82800 83.9546
82850 84.1036
82900 84.2134
82950 84.3174
83000 84.4023
83050 84.393
83100 84.4271
83150 84.4082
83200 84.3889
83250 84.4831
83300 84.5667
83350 84.5698
83400 84.499
83450 84.5285
83500 84.604
83550 84.5944
83600 84.6512
83650 84.7273
83700 84.7887
83750 84.8925
83800 84.9962
83850 85.0022
83900 84.9524
83950 84.8992
84000 84.9174
84050 84.9907
84100 85.047
84150 84.9736
84200 84.9506
84250 84.8989
84300 84.851
84350 84.8187
84400 84.7079
84450 84.6962
84500 84.8131
84550 84.8164
84600 84.7802
84650 84.6336
84700 84.5317
84750 84.572
84800 84.6382
84850 84.6796
84900 84.7738
84950 84.8074
85000 84.9423
85050 85.1072
85100 85.3049
85150 85.5226
85200 85.7507
85250 85.9711
85300 85.9786
85350 85.9223
85400 85.8521
85450 85.6809
85500 85.4268
85550 85.4109
85600 85.5016
85650 85.5867
85700 85.8009
85750 86.0193
85800 86.2032
85850 86.4542
85900 86.6196
85950 86.8235
86000 86.7705
86050 86.6928
86100 86.7036
86150 86.6623
86200 86.4925
86250 86.2666
86300 86.075
86350 85.8548
86400 85.7022
86450 85.5666
86500 85.3542
86550 85.2679
86600 85.3225
86650 85.3561
86700 85.3924
86750 85.402
86800 85.4731
86850 85.5624
86900 85.5614
86950 85.5153
87000 85.4782
87050 85.6357
87100 85.8395
87150 86.0254
87200 86.0552
87250 85.9518
87300 85.9284
87350 85.9733
87400 85.9089
87450 86.0024
87500 86.0254
87550 86.0557
87600 86.0712
87650 86.0041
87700 85.9421
87750 85.9518
87800 85.9091
87850 85.8819
87900 85.9305
87950 86.0061
88000 86.1274
88050 86.2212
88100 86.1805
88150 86.3115
88200 86.2502
88250 86.1459
88300 86.1472
88350 86.2546
88400 86.2633
88450 86.3712
88500 86.3962
88550 86.4002
88600 86.4447
88650 86.5776
88700 86.6253
88750 86.742
88800 86.8034
88850 86.7537
88900 86.7276
88950 86.8204
89000 86.9357
89050 86.9343
89100 86.9226
89150 86.8021
89200 86.8125
89250 86.8268
89300 86.8548
89350 86.8036
89400 86.8178
89450 86.7396
89500 86.7221
89550 86.872
89600 86.874
89650 86.945
89700 87.0929
89750 87.2096
89800 87.2471
89850 87.1855
89900 87.1986
89950 87.2873
90000 87.3843
90050 87.4298
90100 87.5044
90150 87.5399
90200 87.5716
90250 87.7692
90300 87.8949
90350 88.0758
90400 88.3507
90450 88.5581
90500 88.6815
90550 88.8763
90600 89.0254
90650 89.2145
90700 89.2758
90750 89.2267
90800 89.2062
90850 89.2498
90900 89.3239
90950 89.3269
91000 89.436
91050 89.4977
91100 89.5173
91150 89.6299
91200 89.7563
91250 89.8571
91300 90.007
91350 90.2406
91400 90.3561
91450 90.4571
91500 90.4212
91550 90.2256
91600 89.9261
91650 89.8016
91700 89.7041
91750 89.7976
91800 89.9806
91850 90.0203
91900 89.9797
91950 89.9729
92000 89.9955
92050 89.9801
92100 89.9507
92150 89.9877
92200 90.0131
92250 90.0341
92300 90.0538
92350 90.1384
92400 90.3405
92450 90.6035
92500 90.8774
92550 91.0458
92600 91.0432
92650 91.0931
92700 91.192
92750 91.2403
92800 91.4953
92850 91.5511
92900 91.588
92950 91.6846
93000 91.7271
93050 91.8642
93100 91.9654
93150 92.1044
93200 92.1715
93250 92.2225
93300 92.252
93350 92.2347
93400 92.1674
93450 92.1109
93500 91.9759
93550 91.8265
93600 91.8087
93650 91.8786
93700 92.0306
93750 92.1778
93800 92.1942
93850 92.3617
93900 92.5775
93950 92.6835
94000 92.876
94050 93.0572
94100 93.2381
94150 93.3844
94200 93.4002
94250 93.4642
94300 93.5214
94350 93.4576
94400 93.4389
94450 93.3181
94500 93.2295
94550 93.1494
94600 93.0924
94650 93.2011
94700 93.255
94750 93.2514
94800 93.2823
94850 93.2654
94900 93.2951
94950 93.3908
95000 93.6366
95050 93.7694
95100 93.8863
95150 93.8719
95200 93.8621
95250 93.9445
95300 94.0372
95350 94.0428
95400 94.0363
95450 93.8907
95500 93.8171
95550 93.7774
95600 93.8059
95650 93.8632
95700 93.9714
95750 94.1161
95800 94.226
95850 94.5024
95900 94.7039
95950 94.7371
96000 94.7588
96050 94.8537
96100 94.8956
96150 94.8376
96200 94.8719
96250 94.9208
96300 95.0952
96350 95.1699
96400 95.3147
96450 95.4435
96500 95.6084
96550 95.5876
96600 95.5744
96650 95.5968
96700 95.5685
96750 95.5411
96800 95.468
96850 95.5656
96900 95.5297
96950 95.5872
97000 95.6002
97050 95.6726
97100 95.7362
97150 95.8897
97200 96.0089
97250 96.1406
97300 96.257
97350 96.2325
97400 96.2066
97450 96.2558
97500 96.3262
97550 96.4259
97600 96.5932
97650 96.6523
97700 96.6148
97750 96.635
97800 96.74
97850 96.8303
97900 96.8514
97950 96.7236
98000 96.4895
98050 96.4092
98100 96.3532
98150 96.1998
98200 96.1278
98250 96.0515
98300 96.0321
98350 95.9272
98400 95.8588
98450 95.6945
98500 95.6685
98550 95.625
98600 95.6097
98650 95.5036
98700 95.4449
98750 95.3249
98800 95.375
98850 95.4236
98900 95.3765
98950 95.4535
99000 95.4179
99050 95.5163
99100 95.6691
99150 95.9086
99200 96.0833
99250 96.1533
99300 96.2301
99350 96.3571
99400 96.4814
99450 96.7014
99500 96.781
99550 97.0284
99600 97.1434
99650 97.1306
99700 97.0446
99750 97.0289
99800 97.0669
99850 97.1377
99900 97.2168
99950 97.1742
100000 97.1329
