# Time-averaged data for fix msd_avg_all
# TimeStep c_msd_all[4]
0 3.28343e-28
50 0.189385
100 0.499043
150 0.792958
200 1.03985
250 1.26186
300 1.46456
350 1.68379
400 1.88542
450 2.09177
500 2.2801
550 2.4451
600 2.59161
650 2.73056
700 2.85181
750 2.98988
800 3.12604
850 3.22626
900 3.36051
950 3.50214
1000 3.63764
1050 3.76701
1100 3.88757
1150 4.00255
1200 4.13302
1250 4.27445
1300 4.40052
1350 4.48659
1400 4.56078
1450 4.64772
1500 4.71268
1550 4.75723
1600 4.83621
1650 4.93699
1700 5.03328
1750 5.12142
1800 5.24414
1850 5.36996
1900 5.48755
1950 5.63513
2000 5.77468
2050 5.89672
2100 5.99141
2150 6.06006
2200 6.17239
2250 6.29007
2300 6.39175
2350 6.5113
2400 6.63474
2450 6.75757
2500 6.8778
2550 6.98279
2600 7.09901
2650 7.24437
2700 7.35455
2750 7.45977
2800 7.53991
2850 7.59436
2900 7.67045
2950 7.73714
3000 7.7839
3050 7.82676
3100 7.88099
3150 7.96526
3200 8.0688
3250 8.16191
3300 8.24954
3350 8.34645
3400 8.46445
3450 8.54801
3500 8.66601
3550 8.79767
3600 8.88319
3650 8.97149
3700 9.08084
3750 9.20004
3800 9.30711
3850 9.42524
3900 9.54021
3950 9.65312
4000 9.72989
4050 9.78104
4100 9.84059
4150 9.92289
4200 10.0041
4250 10.0881
4300 10.1325
4350 10.2052
4400 10.294
4450 10.3739
4500 10.4099
4550 10.4459
4600 10.4634
4650 10.4703
4700 10.4506
4750 10.4622
4800 10.4792
4850 10.4793
4900 10.5031
4950 10.5594
5000 10.611
5050 10.6486
5100 10.6731
5150 10.7033
5200 10.7502
5250 10.7895
5300 10.8161
5350 10.8498
5400 10.8765
5450 10.8338
5500 10.7812
5550 10.7368
5600 10.7292
5650 10.7255
5700 10.6996
5750 10.6651
5800 10.6552
5850 10.6485
5900 10.6299
5950 10.6433
6000 10.6784
6050 10.7115
6100 10.7505
6150 10.7535
6200 10.7377
6250 10.7472
6300 10.7233
6350 10.74
6400 10.8145
6450 10.9114
6500 11.0364
6550 11.1625
6600 11.2724
6650 11.3683
6700 11.4631
6750 11.5271
6800 11.5751
6850 11.6931
6900 11.78
6950 11.8967
7000 11.9821
7050 11.9867
7100 12.0233
7150 12.0669
7200 12.1031
7250 12.1253
7300 12.1658
7350 12.1954
7400 12.2594
7450 12.3162
7500 12.3671
7550 12.4339
7600 12.487
7650 12.5785
7700 12.6788
7750 12.7674
7800 12.8689
7850 13.0014
7900 13.0771
7950 13.1456
8000 13.2191
8050 13.2737
8100 13.3032
8150 13.347
8200 13.4394
8250 13.526
8300 13.5981
8350 13.6823
8400 13.7551
8450 13.8292
8500 13.8953
8550 13.9791
8600 13.9901
8650 13.9562
8700 13.958
8750 14.0181
8800 14.1143
8850 14.2058
8900 14.3277
8950 14.4361
9000 14.5037
9050 14.5699
9100 14.6211
9150 14.672
9200 14.7206
9250 14.7739
9300 14.7663
9350 14.7565
9400 14.8185
9450 14.8672
9500 14.9206
9550 14.9569
9600 14.9986
9650 14.9742
9700 14.9714
9750 15.0128
9800 15.1292
9850 15.2087
9900 15.2592
9950 15.3222
10000 15.3606
10050 15.3411
10100 15.3468
10150 15.3965
10200 15.4682
10250 15.5597
10300 15.6465
10350 15.7342
10400 15.8341
10450 15.9322
10500 15.9836
10550 16.0478
10600 16.115
10650 16.1358
10700 16.1826
10750 16.2795
10800 16.3485
10850 16.4679
10900 16.5899
10950 16.6743
11000 16.6965
11050 16.6868
11100 16.678
11150 16.6919
11200 16.6785
11250 16.6875
11300 16.7381
11350 16.7818
11400 16.8116
11450 16.8627
11500 16.9159
11550 16.9598
11600 17.0043
11650 17.0248
11700 17.0823
11750 17.1248
11800 17.1313
11850 17.169
11900 17.1788
11950 17.1508
12000 17.1435
12050 17.1822
12100 17.2454
12150 17.3046
12200 17.3417
12250 17.3999
12300 17.4746
12350 17.5151
12400 17.5137
12450 17.5521
12500 17.5805
12550 17.5929
12600 17.6006
12650 17.6876
12700 17.739
12750 17.825
12800 17.9651
12850 18.0758
12900 18.106
12950 18.1519
13000 18.1652
13050 18.1931
13100 18.1815
13150 18.122
13200 18.1006
13250 18.0701
13300 18.0014
13350 17.9813
13400 18.0357
13450 18.0908
13500 18.1582
13550 18.23
13600 18.282
13650 18.2893
13700 18.3559
13750 18.4357
13800 18.4767
13850 18.4907
13900 18.5195
13950 18.5695
14000 18.6224
14050 18.6553
14100 18.6853
14150 18.7193
14200 18.7914
14250 18.8116
14300 18.8752
14350 18.9854
14400 19.0776
14450 19.118
14500 19.1782
14550 19.2575
14600 19.3096
14650 19.4344
14700 19.5252
14750 19.574
14800 19.6102
14850 19.6418
14900 19.6764
14950 19.6992
15000 19.7517
15050 19.7889
15100 19.8374
15150 19.8598
15200 19.8862
15250 19.8996
15300 19.9219
15350 19.9685
15400 20.0081
15450 20.0273
15500 20.1028
15550 20.1618
15600 20.1417
15650 20.1303
15700 20.1303
15750 20.0885
15800 20.031
15850 19.9739
15900 19.9783
15950 20.037
16000 20.1263
16050 20.2094
16100 20.2418
16150 20.2706
16200 20.3267
16250 20.4106
16300 20.4705
16350 20.5144
16400 20.5472
16450 20.6033
16500 20.6684
16550 20.7603
16600 20.8438
16650 20.9294
16700 20.9435
16750 20.9487
16800 20.9326
16850 20.9447
16900 20.9122
16950 20.8344
17000 20.7663
17050 20.7519
17100 20.7529
17150 20.7244
17200 20.7324
17250 20.7745
17300 20.7943
17350 20.88
17400 20.9703
17450 21.0719
17500 21.1386
17550 21.1521
17600 21.1976
17650 21.2547
17700 21.2797
17750 21.2868
17800 21.2313
17850 21.1622
17900 21.125
17950 21.1075
18000 21.1137
18050 21.146
18100 21.2115
18150 21.3224
18200 21.4609
18250 21.5375
18300 21.6518
18350 21.8209
18400 21.9946
18450 22.142
18500 22.2534
18550 22.3434
18600 22.4124
18650 22.4588
18700 22.5619
18750 22.6583
18800 22.767
18850 22.8697
18900 22.984
18950 23.0335
19000 22.9914
19050 22.9153
19100 22.8451
19150 22.8217
19200 22.8709
19250 22.918
19300 22.8582
19350 22.811
19400 22.7748
19450 22.7563
19500 22.7128
19550 22.7137
19600 22.7809
19650 22.8898
19700 23.0257
19750 23.1306
19800 23.2054
19850 23.2961
19900 23.3588
19950 23.4685
20000 23.5304
20050 23.569
20100 23.6393
20150 23.7653
20200 23.8434
20250 23.9136
20300 23.9724
20350 24.0143
20400 24.0979
20450 24.1496
20500 24.2372
20550 24.3393
20600 24.3785
20650 24.3709
20700 24.3788
20750 24.4324
20800 24.5141
20850 24.5562
20900 24.6327
20950 24.6689
21000 24.6722
21050 24.5942
21100 24.5901
21150 24.5874
21200 24.5776
21250 24.6094
21300 24.6011
21350 24.6133
21400 24.6474
21450 24.7074
21500 24.7212
21550 24.6554
21600 24.5335
21650 24.4931
21700 24.4788
21750 24.5372
21800 24.6249
21850 24.7259
21900 24.7643
21950 24.8943
22000 24.9798
22050 25.0435
22100 25.0699
22150 25.1182
22200 25.1393
22250 25.2647
22300 25.3542
22350 25.4315
22400 25.5531
22450 25.6745
22500 25.7586
22550 25.8072
22600 25.8473
22650 25.8602
22700 25.8609
22750 25.8729
22800 25.8968
22850 25.9602
22900 25.9907
22950 25.9253
23000 25.8556
23050 25.8692
23100 25.8763
23150 25.8767
23200 25.8738
23250 25.8746
23300 25.953
23350 26.0227
23400 26.1421
23450 26.1748
23500 26.2373
23550 26.3002
23600 26.299
23650 26.309
23700 26.2788
23750 26.2576
23800 26.2153
23850 26.2212
23900 26.2402
23950 26.2561
24000 26.2645
24050 26.2065
24100 26.1919
24150 26.1192
24200 26.0435
24250 25.9915
24300 26.0102
24350 26.0849
24400 26.0785
24450 26.1014
24500 26.1442
24550 26.217
24600 26.2613
24650 26.2868
24700 26.2553
24750 26.2285
24800 26.155
24850 26.0495
24900 25.9027
24950 25.8388
25000 25.7933
25050 25.7765
25100 25.7927
25150 25.886
25200 26.0021
25250 26.037
25300 26.0997
25350 26.0994
25400 26.1154
25450 26.1248
25500 26.1641
25550 26.257
25600 26.3308
25650 26.3884
25700 26.4482
25750 26.5702
25800 26.5717
25850 26.5182
25900 26.4545
25950 26.4651
26000 26.4959
26050 26.5525
26100 26.6545
26150 26.8227
26200 26.9396
26250 27.0425
26300 27.1432
26350 27.2213
26400 27.2726
26450 27.3024
26500 27.3087
26550 27.2974
26600 27.308
26650 27.3635
26700 27.4193
26750 27.5083
26800 27.5837
26850 27.732
26900 27.8155
26950 27.9304
27000 28.0396
27050 28.1536
27100 28.2751
27150 28.3541
27200 28.4897
27250 28.5825
27300 28.6515
27350 28.6884
27400 28.6708
27450 28.6593
27500 28.6363
27550 28.6689
27600 28.7366
27650 28.7853
27700 28.8079
27750 28.7637
27800 28.8309
27850 28.9176
27900 29.0306
27950 29.1293
28000 29.2445
28050 29.3099
28100 29.3707
28150 29.4443
28200 29.474
28250 29.4826
28300 29.5537
28350 29.6327
28400 29.7136
28450 29.697
28500 29.6297
28550 29.6486
28600 29.7641
28650 29.8948
28700 30.0096
28750 30.1612
28800 30.32
28850 30.4462
28900 30.5862
28950 30.7797
29000 30.8954
29050 31.0125
29100 31.0793
29150 31.0941
29200 31.1965
29250 31.3741
29300 31.4658
29350 31.4653
29400 31.47
29450 31.5349
29500 31.5454
29550 31.5706
29600 31.5648
29650 31.6228
29700 31.6798
29750 31.7327
29800 31.7492
29850 31.7541
29900 31.8408
29950 31.9612
30000 32.0687
30050 32.1128
30100 32.2576
30150 32.3434
30200 32.4596
30250 32.5929
30300 32.6411
30350 32.7062
30400 32.7903
30450 32.7946
30500 32.8368
30550 32.9026
30600 32.89
30650 32.9188
30700 32.9789
30750 33.0742
30800 33.0949
30850 33.1418
30900 33.1641
30950 33.1671
31000 33.2481
31050 33.3571
31100 33.4181
31150 33.4457
31200 33.4358
31250 33.3586
31300 33.2809
31350 33.1958
31400 33.1013
31450 33.0223
31500 32.8923
31550 32.7617
31600 32.7003
31650 32.6469
31700 32.5991
31750 32.541
31800 32.5253
31850 32.532
31900 32.5065
31950 32.5343
32000 32.5281
32050 32.6181
32100 32.6871
32150 32.8029
32200 32.9471
32250 33.192
32300 33.3574
32350 33.5127
32400 33.6676
32450 33.832
32500 34.0281
32550 34.1739
32600 34.2332
32650 34.2253
32700 34.2845
32750 34.2954
32800 34.3122
32850 34.3144
32900 34.2834
32950 34.2279
33000 34.1623
33050 34.1503
33100 34.1412
33150 34.0528
33200 33.9617
33250 33.8033
33300 33.6074
33350 33.5131
33400 33.4387
33450 33.369
33500 33.3658
33550 33.3484
33600 33.2485
33650 33.144
33700 33.1439
33750 33.2106
33800 33.2146
33850 33.1401
33900 33.1373
33950 33.0607
34000 33.0944
34050 33.1371
34100 33.208
34150 33.2795
34200 33.3267
34250 33.3327
34300 33.3607
34350 33.4829
34400 33.6046
34450 33.7456
34500 33.8543
34550 33.9041
34600 33.9532
34650 33.9844
34700 34.0094
34750 34.1033
34800 34.1931
34850 34.1752
34900 34.2422
34950 34.3116
35000 34.4221
35050 34.4716
35100 34.502
35150 34.624
35200 34.7469
35250 34.9157
35300 35.051
35350 35.1017
35400 35.2112
35450 35.2916
35500 35.3531
35550 35.4211
35600 35.4883
35650 35.5687
35700 35.55
35750 35.6055
35800 35.6728
35850 35.6781
35900 35.5532
35950 35.4272
36000 35.4043
36050 35.3528
36100 35.2589
36150 35.2263
36200 35.2236
36250 35.1779
36300 35.1458
36350 35.1018
36400 35.1096
36450 35.1074
36500 35.1328
36550 35.1691
36600 35.2099
36650 35.2066
36700 35.1487
36750 35.1064
36800 35.0829
36850 35.0675
36900 35.0003
36950 34.9088
37000 34.823
37050 34.7649
37100 34.7561
37150 34.8409
37200 34.9179
37250 34.9721
37300 35.0344
37350 35.0307
37400 35.0078
37450 35.0362
37500 35.0908
37550 35.1132
37600 35.1314
37650 35.1829
37700 35.2714
37750 35.4313
37800 35.5364
37850 35.5197
37900 35.4846
37950 35.4722
38000 35.4894
38050 35.5347
38100 35.5671
38150 35.5384
38200 35.4687
38250 35.5659
38300 35.6257
38350 35.6259
38400 35.6327
38450 35.7087
38500 35.7621
38550 35.6986
38600 35.6938
38650 35.7085
38700 35.7529
38750 35.7039
38800 35.6515
38850 35.6764
38900 35.7343
38950 35.8099
39000 35.895
39050 35.9563
39100 35.9644
39150 35.9728
39200 36.0134
39250 35.9908
39300 35.9992
39350 36.0592
39400 36.1022
39450 36.0775
39500 36.0249
39550 35.9472
39600 35.8934
39650 35.8393
39700 35.8191
39750 35.8116
39800 35.7831
39850 35.7731
39900 35.8184
39950 35.844
40000 35.7707
40050 35.613
40100 35.4708
40150 35.3547
40200 35.1963
40250 35.117
40300 35.0644
40350 34.9864
40400 34.9738
40450 34.9794
40500 35.0286
40550 35.0861
40600 35.1615
40650 35.2318
40700 35.3475
40750 35.4675
40800 35.5492
40850 35.7062
40900 35.8762
40950 35.9946
41000 36.0544
41050 36.1921
41100 36.3238
41150 36.4492
41200 36.464
41250 36.4592
41300 36.4654
41350 36.6155
41400 36.6619
41450 36.7304
41500 36.7831
41550 36.8347
41600 36.9094
41650 36.8991
41700 36.8332
41750 36.7137
41800 36.6048
41850 36.5221
41900 36.4776
41950 36.4496
42000 36.4446
42050 36.579
42100 36.7255
42150 36.7915
42200 36.8269
42250 36.87
42300 36.9053
42350 36.8769
42400 36.8351
42450 36.85
42500 36.8892
42550 36.9483
42600 36.9661
42650 36.9524
42700 36.9549
42750 36.9328
42800 36.9354
42850 36.857
42900 36.7895
42950 36.734
43000 36.6981
43050 36.7195
43100 36.8418
43150 36.9312
43200 36.9898
43250 37.0168
43300 37.0496
43350 37.0853
43400 37.1616
43450 37.2136
43500 37.3071
43550 37.4772
43600 37.5975
43650 37.7072
43700 37.7557
43750 37.8044
43800 37.9538
43850 38.0625
43900 38.1285
43950 38.1251
44000 38.1862
44050 38.2507
44100 38.3681
44150 38.5375
44200 38.6672
44250 38.8023
44300 38.9502
44350 39.0505
44400 39.0819
44450 39.1228
44500 39.1464
44550 39.1673
44600 39.2005
44650 39.2867
44700 39.3755
44750 39.4462
44800 39.5302
44850 39.6268
44900 39.6449
44950 39.6535
45000 39.6505
45050 39.6253
45100 39.627
45150 39.6163
45200 39.6888
45250 39.7805
45300 39.8766
45350 39.9445
45400 39.9871
45450 40.0527
45500 40.1186
45550 40.1105
45600 40.0799
45650 40.0196
45700 39.8996
45750 39.7441
45800 39.6676
45850 39.5809
45900 39.5869
45950 39.5696
46000 39.5291
46050 39.4928
46100 39.4626
46150 39.4616
46200 39.4339
46250 39.4903
46300 39.559
46350 39.5884
46400 39.6976
46450 39.8425
46500 39.9331
46550 40.0978
46600 40.2285
46650 40.3178
46700 40.3607
46750 40.3216
46800 40.3078
46850 40.3495
46900 40.4166
46950 40.435
47000 40.377
47050 40.369
47100 40.3612
47150 40.3205
47200 40.338
47250 40.4869
47300 40.5596
47350 40.6327
47400 40.783
47450 40.8876
47500 40.9627
47550 41.0624
47600 41.0873
47650 41.1181
47700 41.1427
47750 41.1438
47800 41.1719
47850 41.3039
47900 41.394
47950 41.4232
48000 41.4785
48050 41.4897
48100 41.4698
48150 41.4122
48200 41.3492
48250 41.4326
48300 41.533
48350 41.6242
48400 41.7445
48450 41.8155
48500 41.8385
48550 41.9115
48600 41.9982
48650 42.113
48700 42.1544
48750 42.1993
48800 42.1812
48850 42.2924
48900 42.4734
48950 42.5722
49000 42.6207
49050 42.6488
49100 42.687
49150 42.7196
49200 42.684
49250 42.6643
49300 42.7145
49350 42.7773
49400 42.7732
49450 42.7754
49500 42.8037
49550 42.7887
49600 42.7747
49650 42.7424
49700 42.8264
49750 42.9918
49800 43.1832
49850 43.3273
49900 43.4796
49950 43.5693
50000 43.6261
50050 43.7053
50100 43.7695
50150 43.8688
50200 44.0263
50250 44.1683
50300 44.2611
50350 44.3486
50400 44.5033
50450 44.5498
50500 44.5241
50550 44.5427
50600 44.6147
50650 44.6832
50700 44.7408
50750 44.7718
50800 44.8193
50850 44.8225
50900 44.811
50950 44.8129
51000 44.8283
51050 44.8695
51100 44.9514
51150 45.0285
51200 45.1129
51250 45.2727
51300 45.3192
51350 45.4106
51400 45.4334
51450 45.4987
51500 45.522
51550 45.5121
51600 45.4883
51650 45.4996
51700 45.5008
51750 45.5456
51800 45.6602
51850 45.6868
51900 45.644
51950 45.7057
52000 45.7722
52050 45.8757
52100 46.0554
52150 46.2723
52200 46.4437
52250 46.6028
52300 46.7095
52350 46.8052
52400 46.8827
52450 47.0336
52500 47.0731
52550 47.1252
52600 47.1672
52650 47.1809
52700 47.1791
52750 47.1442
52800 47.0968
52850 47.083
52900 47.0564
52950 47.0886
53000 47.1761
53050 47.2282
53100 47.288
53150 47.3729
53200 47.3537
53250 47.3699
53300 47.4035
53350 47.4414
53400 47.391
53450 47.3211
53500 47.3001
53550 47.3115
53600 47.1754
53650 47.176
53700 47.2505
53750 47.3875
53800 47.5764
53850 47.6173
53900 47.6265
53950 47.6809
54000 47.7648
54050 47.8659
54100 47.8976
54150 47.8535
54200 47.7782
54250 47.7633
54300 47.8663
54350 47.8998
54400 47.8879
54450 47.923
54500 48.0216
54550 48.2225
54600 48.4124
54650 48.5759
54700 48.7031
54750 48.8829
54800 48.9754
54850 49.0769
54900 49.1336
54950 49.0474
55000 48.8546
55050 48.7366
55100 48.7732
55150 48.856
55200 48.9218
55250 48.9143
55300 48.9314
55350 48.9523
55400 48.8891
55450 48.8756
55500 48.8404
55550 48.8628
55600 48.8917
55650 48.9365
55700 49.0252
55750 49.061
55800 48.9969
55850 48.869
55900 48.9034
55950 49.0521
56000 49.1339
56050 49.182
56100 49.1292
56150 49.1273
56200 49.1374
56250 49.2113
56300 49.3755
56350 49.4692
56400 49.4883
56450 49.4035
56500 49.2561
56550 49.2044
56600 49.2275
56650 49.1934
56700 49.2232
56750 49.3361
56800 49.366
56850 49.4813
56900 49.5854
56950 49.5481
57000 49.5913
57050 49.6177
57100 49.7357
57150 49.7979
57200 49.873
57250 49.9832
57300 50.0369
57350 50.1593
57400 50.2273
57450 50.3143
57500 50.4461
57550 50.5474
57600 50.6823
57650 50.7919
57700 50.8206
57750 50.8504
57800 50.8617
57850 50.9086
57900 50.8617
57950 50.785
58000 50.7161
58050 50.7236
58100 50.8348
58150 51.0171
58200 51.1294
58250 51.1733
58300 51.2587
58350 51.2105
58400 51.1821
58450 51.1371
58500 51.0467
58550 51.0048
58600 50.9657
58650 50.9532
58700 50.9169
58750 50.8522
58800 50.828
58850 50.7844
58900 50.8154
58950 50.7689
59000 50.7854
59050 50.7952
59100 50.8398
59150 50.8753
59200 50.8307
59250 50.8308
59300 50.9163
59350 50.9724
59400 50.9094
59450 50.7888
59500 50.8305
59550 50.8609
59600 50.9747
59650 51.0048
59700 51.0647
59750 51.2214
59800 51.3394
59850 51.4384
59900 51.5664
59950 51.6196
60000 51.6418
60050 51.6406
60100 51.6463
60150 51.6698
60200 51.5837
60250 51.5887
60300 51.612
60350 51.5913
60400 51.6145
60450 51.6244
60500 51.5399
60550 51.4709
60600 51.4465
60650 51.4877
60700 51.6477
60750 51.7471
60800 51.8041
60850 51.8969
60900 51.9326
60950 51.9573
61000 51.9847
61050 52.0006
61100 51.9834
61150 52.0417
61200 52.1444
61250 52.2025
61300 52.3659
61350 52.6041
61400 52.7241
61450 52.824
61500 52.9841
61550 53.1076
61600 53.3248
61650 53.4302
61700 53.4033
61750 53.3493
61800 53.3079
61850 53.2716
61900 53.2794
61950 53.3164
62000 53.2655
62050 53.1928
62100 53.1528
62150 53.1754
62200 53.1884
62250 53.1309
62300 53.0327
62350 53.019
62400 53.108
62450 53.1949
62500 53.2118
62550 53.209
62600 53.2353
62650 53.2266
62700 53.129
62750 53.0979
62800 52.9569
62850 52.8491
62900 52.7092
62950 52.6429
63000 52.6756
63050 52.6116
63100 52.5631
63150 52.4939
63200 52.3383
63250 52.2648
63300 52.3462
63350 52.3567
63400 52.3255
63450 52.319
63500 52.3054
63550 52.327
63600 52.4098
63650 52.4524
63700 52.3981
63750 52.3608
63800 52.3222
63850 52.3186
63900 52.2925
63950 52.3223
64000 52.3553
64050 52.3659
64100 52.4345
64150 52.51
64200 52.5369
64250 52.4917
64300 52.3671
64350 52.3633
64400 52.328
64450 52.3817
64500 52.459
64550 52.5384
64600 52.5893
64650 52.5766
64700 52.6256
64750 52.6277
64800 52.5841
64850 52.5989
64900 52.6221
64950 52.6638
65000 52.7752
65050 52.8129
65100 52.8837
65150 52.9301
65200 52.9393
65250 52.9482
65300 52.8164
65350 52.5995
65400 52.4622
65450 52.3983
65500 52.4206
65550 52.4724
65600 52.5882
65650 52.687
65700 52.8348
65750 53.0347
65800 53.1541
65850 53.2228
65900 53.3561
65950 53.4165
66000 53.4812
66050 53.6276
66100 53.7111
66150 53.7909
66200 53.8829
66250 53.9366
66300 54.0308
66350 54.0751
66400 54.2193
66450 54.3594
66500 54.4693
66550 54.5029
66600 54.4831
66650 54.4898
66700 54.5567
66750 54.6349
66800 54.6388
66850 54.6797
66900 54.6914
66950 54.7997
67000 54.9537
67050 55.1095
67100 55.2241
67150 55.4069
67200 55.6043
67250 55.6959
67300 55.7586
67350 55.774
67400 55.7618
67450 55.7815
67500 55.7815
67550 55.829
67600 55.8289
67650 55.8261
67700 55.8629
67750 55.9079
67800 56.0178
67850 56.0128
67900 55.901
67950 55.7487
68000 55.5949
68050 55.5129
68100 55.5062
68150 55.5594
68200 55.5708
68250 55.6072
68300 55.6162
68350 55.613
68400 55.5864
68450 55.5293
68500 55.4649
68550 55.4333
68600 55.3933
68650 55.3964
68700 55.3966
68750 55.4629
68800 55.4888
68850 55.578
68900 55.5973
68950 55.6879
69000 55.8109
69050 55.7307
69100 55.5991
69150 55.518
69200 55.4519
69250 55.3513
69300 55.4327
69350 55.5544
69400 55.6423
69450 55.7061
69500 55.6857
69550 55.7163
69600 55.7413
69650 55.7604
69700 55.7305
69750 55.7564
69800 55.8287
69850 55.9062
69900 56.0569
69950 56.25
70000 56.4734
70050 56.6392
70100 56.8522
70150 57.0867
70200 57.3052
70250 57.538
70300 57.712
70350 57.8281
70400 58.0312
70450 58.1466
70500 58.2045
70550 58.3061
70600 58.3076
70650 58.4154
70700 58.5651
70750 58.6707
70800 58.7324
70850 58.8491
70900 58.9089
70950 58.8904
71000 58.8899
71050 58.8339
71100 58.7128
71150 58.5792
71200 58.3868
71250 58.2792
71300 58.1543
71350 58.1746
71400 58.2074
71450 58.178
71500 58.0843
71550 58.0061
71600 57.9846
71650 57.9036
71700 57.8463
71750 57.7865
71800 57.8392
71850 57.8777
71900 57.9052
71950 57.9325
72000 57.9833
72050 58.0159
72100 58.0379
72150 58.0149
72200 58.0193
72250 58.1268
72300 58.2126
72350 58.2927
72400 58.3814
72450 58.3811
72500 58.3296
72550 58.3897
72600 58.4314
72650 58.3582
72700 58.3927
72750 58.5079
72800 58.5788
72850 58.5691
72900 58.6162
72950 58.7458
73000 58.7893
73050 58.6206
73100 58.4655
73150 58.3291
73200 58.193
73250 58.0756
73300 58.0234
73350 58.0729
73400 58.0362
73450 58.0098
73500 58.0264
73550 58.0143
73600 58.0071
73650 58.0467
73700 58.1374
73750 58.1864
73800 58.1824
73850 58.2569
73900 58.2833
73950 58.4127
74000 58.5856
74050 58.7778
74100 58.9232
74150 59.0147
74200 59.0642
74250 58.9974
74300 59.0084
74350 59.0749
74400 59.1699
74450 59.1754
74500 59.1513
74550 59.0392
74600 58.9635
74650 58.8715
74700 59.0076
74750 59.0943
74800 59.2587
74850 59.4272
74900 59.5334
74950 59.6346
75000 59.7225
75050 59.8383
75100 59.9602
75150 60.0284
75200 60.0659
75250 60.2544
75300 60.5281
75350 60.7987
75400 61.0384
75450 61.2866
75500 61.5565
75550 61.7571
75600 61.9635
75650 62.1389
75700 62.2338
75750 62.4064
75800 62.4776
75850 62.6756
75900 62.9051
75950 63.1692
76000 63.4898
76050 63.8192
76100 64.0627
76150 64.1947
76200 64.2283
76250 64.27
76300 64.3506
76350 64.3583
76400 64.3665
76450 64.462
76500 64.3811
76550 64.2722
76600 64.1428
76650 64.074
76700 64.0408
76750 64.0609
76800 64.1387
76850 64.1961
76900 64.2827
76950 64.3031
77000 64.3017
77050 64.3646
77100 64.4061
77150 64.4457
77200 64.4414
77250 64.291
77300 64.3203
77350 64.3472
77400 64.3338
77450 64.2289
77500 64.1028
77550 64.0631
77600 64.0416
77650 64.0516
77700 64.1114
77750 64.0138
77800 63.9147
77850 63.7859
77900 63.7137
77950 63.5086
78000 63.3915
78050 63.347
78100 63.3263
78150 63.314
78200 63.3531
78250 63.3161
78300 63.2783
78350 63.198
78400 63.1968
78450 63.1692
78500 63.2091
78550 63.2283
78600 63.2236
78650 63.2951
78700 63.4
78750 63.4522
78800 63.4284
78850 63.5039
78900 63.5337
78950 63.5812
79000 63.5654
79050 63.5763
79100 63.5222
79150 63.3969
79200 63.3548
79250 63.3873
79300 63.572
79350 63.723
79400 63.8169
79450 63.8972
79500 63.9597
79550 64.0287
79600 64.2545
79650 64.47
79700 64.6127
79750 64.7251
79800 64.828
79850 64.6964
79900 64.7292
79950 64.815
80000 64.8521
80050 64.7834
80100 64.6823
80150 64.5762
80200 64.6612
80250 64.7601
80300 64.873
80350 64.8728
80400 64.8481
80450 64.8663
80500 64.9912
80550 65.0833
80600 65.1265
80650 65.1987
80700 65.3008
80750 65.3736
80800 65.4393
80850 65.5116
80900 65.6475
80950 65.7368
81000 65.8017
81050 65.8662
81100 65.8874
81150 65.9317
81200 65.9266
81250 65.8886
81300 65.8543
81350 65.9318
81400 66.0902
81450 66.0915
81500 66.0254
81550 66.0012
81600 65.928
81650 65.871
81700 65.8758
81750 65.9024
81800 65.9561
81850 65.9399
81900 65.939
81950 65.939
82000 65.8788
82050 65.9232
82100 65.856
82150 65.7767
82200 65.7744
82250 65.6966
82300 65.6339
82350 65.6376
82400 65.6354
82450 65.6086
82500 65.4873
82550 65.4152
82600 65.4389
82650 65.5351
82700 65.5369
82750 65.4848
82800 65.4391
82850 65.4411
82900 65.377
82950 65.1775
83000 65.081
83050 65.0316
83100 65.0204
83150 64.943
83200 64.8968
83250 64.9546
83300 65.0127
83350 64.9309
83400 64.888
83450 64.8722
83500 64.7754
83550 64.7063
83600 64.6655
83650 64.6566
83700 64.6976
83750 64.7487
83800 64.8001
83850 64.7923
83900 64.7906
83950 64.8251
84000 64.9245
84050 65.0419
84100 65.1269
84150 65.1713
84200 65.1952
84250 65.2571
84300 65.4162
84350 65.5385
84400 65.5548
84450 65.7495
84500 65.9551
84550 66.0421
84600 66.0863
84650 66.1401
84700 66.2115
84750 66.2634
84800 66.2945
84850 66.3505
84900 66.3681
84950 66.4644
85000 66.5929
85050 66.6331
85100 66.6533
85150 66.6852
85200 66.7488
85250 66.7364
85300 66.6561
85350 66.7077
85400 66.7728
85450 66.9118
85500 66.9341
85550 66.8652
85600 66.8454
85650 66.8187
85700 66.7781
85750 66.6854
85800 66.6787
85850 66.6161
85900 66.7191
85950 66.8023
86000 66.7255
86050 66.7301
86100 66.7668
86150 66.7148
86200 66.7138
86250 66.7199
86300 66.8064
86350 66.8428
86400 66.8142
86450 66.7543
86500 66.741
86550 66.7893
86600 66.7962
86650 66.8105
86700 66.9052
86750 66.948
86800 67.0113
86850 67.0611
86900 67.1345
86950 67.2307
87000 67.3193
87050 67.3388
87100 67.4672
87150 67.6419
87200 67.7912
87250 67.918
87300 67.9657
87350 67.9474
87400 68.0977
87450 68.2018
87500 68.1949
87550 68.406
87600 68.6684
87650 68.8346
87700 68.914
87750 68.8775
87800 68.9211
87850 68.9887
87900 68.9655
87950 68.9039
88000 68.8684
88050 68.7773
88100 68.6889
88150 68.6853
88200 68.7385
88250 68.769
88300 68.7453
88350 68.8513
88400 68.9631
88450 68.9403
88500 68.9241
88550 68.9711
88600 68.9084
88650 68.9879
88700 69.1158
88750 69.229
88800 69.2518
88850 69.2051
88900 69.2488
88950 69.3784
89000 69.4918
89050 69.5814
89100 69.6613
89150 69.7145
89200 69.7886
89250 69.7929
89300 69.768
89350 69.8631
89400 69.9988
89450 70.1104
89500 70.3449
89550 70.5778
89600 70.7589
89650 70.9823
89700 71.098
89750 71.2719
89800 71.452
89850 71.5802
89900 71.7768
89950 71.9699
90000 72.0894
90050 72.1586
90100 72.2805
90150 72.3415
90200 72.3833
90250 72.4601
90300 72.479
90350 72.4595
90400 72.4097
90450 72.4398
90500 72.494
90550 72.4867
90600 72.5569
90650 72.5235
90700 72.3968
90750 72.2128
90800 72.1398
90850 72.0885
90900 72.1377
90950 72.2786
91000 72.4145
91050 72.4863
91100 72.5214
91150 72.6561
91200 72.6814
91250 72.7555
91300 72.842
91350 72.8656
91400 72.8492
91450 72.879
91500 72.8941
91550 72.9499
91600 72.9954
91650 73.0665
91700 73.1069
91750 73.0096
91800 72.8422
91850 72.7754
91900 72.7377
91950 72.7479
92000 72.6213
92050 72.6226
92100 72.7252
92150 72.7911
92200 72.9391
92250 73.0444
92300 73.0725
92350 73.2502
92400 73.4409
92450 73.6761
92500 73.832
92550 73.9029
92600 73.8741
92650 73.8529
92700 73.8568
92750 73.789
92800 73.7448
92850 73.736
92900 73.6496
92950 73.6392
93000 73.6724
93050 73.6461
93100 73.5421
93150 73.5677
93200 73.6905
93250 73.7661
93300 73.7696
93350 73.7826
93400 73.7773
93450 73.6418
93500 73.6222
93550 73.6683
93600 73.7576
93650 73.8305
93700 73.896
93750 73.9344
93800 74.0696
93850 74.2127
93900 74.3681
93950 74.5485
94000 74.7808
94050 74.9171
94100 74.8892
94150 74.8575
94200 74.7497
94250 74.7634
94300 74.7568
94350 74.8399
94400 74.9122
94450 75.0205
94500 75.0378
94550 75.055
94600 75.1311
94650 75.2052
94700 75.2536
94750 75.291
94800 75.2875
94850 75.2944
94900 75.2059
94950 75.1687
95000 75.2189
95050 75.415
95100 75.5023
95150 75.5524
95200 75.5098
95250 75.4455
95300 75.4041
95350 75.4111
95400 75.5173
95450 75.4775
95500 75.3558
95550 75.3205
95600 75.3957
95650 75.4982
95700 75.7728
95750 75.9654
95800 76.1658
95850 76.4991
95900 76.7308
95950 77.0096
96000 77.1947
96050 77.3158
96100 77.3778
96150 77.4221
96200 77.4814
96250 77.552
96300 77.6761
96350 77.7512
96400 77.7771
96450 77.7996
96500 77.8417
96550 77.9112
96600 77.9906
96650 78.0034
96700 77.8871
96750 77.7207
96800 77.6375
96850 77.6901
96900 77.7225
96950 77.7175
97000 77.7042
97050 77.6868
97100 77.8478
97150 77.8722
97200 77.9461
97250 78.0571
97300 78.1657
97350 78.256
97400 78.4094
97450 78.5266
97500 78.544
97550 78.4499
97600 78.3406
97650 78.1498
97700 77.9927
97750 77.8637
97800 77.888
97850 77.953
97900 77.9499
97950 77.95
98000 77.97
98050 78.2214
98100 78.4241
98150 78.4758
98200 78.5977
98250 78.5811
98300 78.4921
98350 78.389
98400 78.4025
98450 78.4466
98500 78.473
98550 78.368
98600 78.3268
98650 78.3126
98700 78.2588
98750 78.21
98800 78.1941
98850 78.3144
98900 78.4337
98950 78.4315
99000 78.4381
99050 78.5391
99100 78.6048
99150 78.6087
99200 78.701
99250 78.8437
99300 78.7972
99350 78.7891
99400 78.7693
99450 78.7843
99500 78.9432
99550 79.0744
99600 79.2176
99650 79.1747
99700 79.154
99750 79.2075
99800 79.1315
99850 78.9932
99900 78.8739
99950 78.8731
100000 78.8355
