# Time-averaged data for fix msd_avg_all
# TimeStep c_msd_all[4]
0 1.64096e-28
50 0.188108
100 0.492739
150 0.790943
200 1.06069
250 1.30298
300 1.55062
350 1.77099
400 1.99164
450 2.20792
500 2.38412
550 2.56309
600 2.71521
650 2.84155
700 2.97071
750 3.14181
800 3.29262
850 3.43955
900 3.58579
950 3.72735
1000 3.85604
1050 3.96453
1100 4.05876
1150 4.17591
1200 4.30794
1250 4.46521
1300 4.61056
1350 4.74361
1400 4.8576
1450 4.95594
1500 5.06106
1550 5.18467
1600 5.31207
1650 5.42785
1700 5.53895
1750 5.6584
1800 5.74516
1850 5.82361
1900 5.90916
1950 5.96815
2000 6.05696
2050 6.16175
2100 6.26739
2150 6.36581
2200 6.46756
2250 6.57724
2300 6.66622
2350 6.75708
2400 6.84422
2450 6.89825
2500 6.98194
2550 7.10983
2600 7.24253
2650 7.36385
2700 7.45644
2750 7.56571
2800 7.63637
2850 7.73047
2900 7.81342
2950 7.88264
3000 7.93997
3050 7.99985
3100 8.05345
3150 8.05796
3200 8.04085
3250 8.06162
3300 8.09342
3350 8.12769
3400 8.16239
3450 8.20549
3500 8.26209
3550 8.30283
3600 8.36067
3650 8.38589
3700 8.43878
3750 8.53011
3800 8.59956
3850 8.67967
3900 8.78273
3950 8.83519
4000 8.93502
4050 8.983
4100 9.04614
4150 9.09452
4200 9.12466
4250 9.13248
4300 9.13134
4350 9.15064
4400 9.15636
4450 9.19014
4500 9.22199
4550 9.24698
4600 9.26829
4650 9.30635
4700 9.3548
4750 9.43273
4800 9.52467
4850 9.61313
4900 9.69272
4950 9.77897
5000 9.89443
5050 9.95818
5100 9.99754
5150 10.0868
5200 10.1634
5250 10.274
5300 10.3714
5350 10.4558
5400 10.5229
5450 10.584
5500 10.6088
5550 10.659
5600 10.7632
5650 10.9066
5700 10.9984
5750 11.0485
5800 11.1353
5850 11.2222
5900 11.3151
5950 11.3864
6000 11.4657
6050 11.511
6100 11.5872
6150 11.6437
6200 11.7339
6250 11.7825
6300 11.8599
6350 11.9105
6400 11.9845
6450 12.0882
6500 12.1838
6550 12.2067
6600 12.211
6650 12.266
6700 12.2853
6750 12.3188
6800 12.3756
6850 12.4169
6900 12.4813
6950 12.5362
7000 12.5757
7050 12.5971
7100 12.6352
7150 12.7059
7200 12.7874
7250 12.8516
7300 12.8895
7350 12.9211
7400 12.9958
7450 13.0697
7500 13.1325
7550 13.1883
7600 13.2418
7650 13.3247
7700 13.3731
7750 13.401
7800 13.4364
7850 13.4666
7900 13.5125
7950 13.5524
8000 13.6131
8050 13.6347
8100 13.6835
8150 13.7578
8200 13.8359
8250 13.9021
8300 13.9596
8350 13.9975
8400 14.0123
8450 14.0682
8500 14.0739
8550 14.1076
8600 14.1697
8650 14.2299
8700 14.3047
8750 14.3743
8800 14.3966
8850 14.3974
8900 14.3867
8950 14.3103
9000 14.2974
9050 14.3098
9100 14.2899
9150 14.3706
9200 14.4854
9250 14.5612
9300 14.6102
9350 14.6579
9400 14.6855
9450 14.7014
9500 14.7337
9550 14.8172
9600 14.905
9650 15.0615
9700 15.1693
9750 15.2895
9800 15.4646
9850 15.6353
9900 15.8217
9950 15.9742
10000 16.0525
10050 16.1661
10100 16.2478
10150 16.3376
10200 16.3735
10250 16.3859
10300 16.4111
10350 16.4744
10400 16.468
10450 16.4283
10500 16.3993
10550 16.3719
10600 16.39
10650 16.4032
10700 16.3833
10750 16.3976
10800 16.4341
10850 16.5035
10900 16.5592
10950 16.5824
11000 16.5622
11050 16.644
11100 16.75
11150 16.8715
11200 16.9642
11250 17.0771
11300 17.1666
11350 17.2522
11400 17.3665
11450 17.4692
11500 17.4794
11550 17.5308
11600 17.568
11650 17.5994
11700 17.6478
11750 17.6562
11800 17.735
11850 17.762
11900 17.8603
11950 17.9155
12000 17.9279
12050 17.9187
12100 17.919
12150 17.9214
12200 17.9506
12250 17.9737
12300 18.0205
12350 18.0307
12400 18.097
12450 18.1466
12500 18.2292
12550 18.2905
12600 18.3493
12650 18.4031
12700 18.4893
12750 18.5183
12800 18.5114
12850 18.502
12900 18.4868
12950 18.4673
13000 18.5059
13050 18.5453
13100 18.6045
13150 18.7643
13200 18.9308
13250 19.0345
13300 19.058
13350 19.1412
13400 19.2435
13450 19.3614
13500 19.4489
13550 19.5416
13600 19.619
13650 19.7187
13700 19.7547
13750 19.8146
13800 19.8582
13850 19.8897
13900 19.999
13950 20.1011
14000 20.1661
14050 20.2194
14100 20.263
14150 20.3759
14200 20.4978
14250 20.5981
14300 20.6719
14350 20.733
14400 20.8064
14450 20.8746
14500 20.9244
14550 20.9456
14600 20.9578
14650 20.9511
14700 20.9766
14750 21.0234
14800 21.0729
14850 21.0911
14900 21.1072
14950 21.1606
15000 21.2288
15050 21.3498
15100 21.4039
15150 21.4596
15200 21.4901
15250 21.5872
15300 21.6986
15350 21.7638
15400 21.7938
15450 21.9183
15500 22.04
15550 22.1401
15600 22.189
15650 22.1993
15700 22.2212
15750 22.262
15800 22.399
15850 22.506
15900 22.632
15950 22.7885
16000 22.9525
16050 23.0738
16100 23.131
16150 23.2051
16200 23.3038
16250 23.4823
16300 23.7206
16350 23.9324
16400 24.1116
16450 24.2847
16500 24.4545
16550 24.5701
16600 24.6779
16650 24.8311
16700 24.9231
16750 25.0509
16800 25.13
16850 25.1679
16900 25.1867
16950 25.2187
17000 25.2347
17050 25.2949
17100 25.3798
17150 25.4921
17200 25.5645
17250 25.595
17300 25.6288
17350 25.6215
17400 25.5796
17450 25.6028
17500 25.5917
17550 25.5931
17600 25.6416
17650 25.7024
17700 25.797
17750 26.0061
17800 26.2357
17850 26.3719
17900 26.477
17950 26.5183
18000 26.5847
18050 26.615
18100 26.593
18150 26.5822
18200 26.5945
18250 26.6439
18300 26.7005
18350 26.7267
18400 26.7695
18450 26.8441
18500 26.8677
18550 26.8913
18600 26.868
18650 26.8284
18700 26.8629
18750 26.8107
18800 26.7628
18850 26.7574
18900 26.8323
18950 26.9167
19000 26.9883
19050 27.0768
19100 27.1085
19150 27.1036
19200 27.0946
19250 27.0754
19300 27.125
19350 27.2615
19400 27.4116
19450 27.4448
19500 27.496
19550 27.5313
19600 27.6238
19650 27.7128
19700 27.7985
19750 27.8093
19800 27.8883
19850 27.9499
19900 28.0066
19950 28.1022
20000 28.2033
20050 28.2643
20100 28.3035
20150 28.3486
20200 28.3723
20250 28.442
20300 28.504
20350 28.5747
20400 28.6075
20450 28.6677
20500 28.7341
20550 28.8148
20600 28.8766
20650 28.8836
20700 28.8577
20750 28.8364
20800 28.8562
20850 28.9423
20900 29.0557
20950 29.1712
21000 29.2779
21050 29.4024
21100 29.5657
21150 29.7023
21200 29.7922
21250 29.9035
21300 30.0157
21350 30.0941
21400 30.1248
21450 30.1228
21500 30.1126
21550 30.0937
21600 30.0694
21650 30.0606
21700 30.1246
21750 30.2259
21800 30.3313
21850 30.4066
21900 30.4682
21950 30.5025
22000 30.5233
22050 30.5725
22100 30.5407
22150 30.5108
22200 30.6043
22250 30.7077
22300 30.8288
22350 31.0263
22400 31.2113
22450 31.3415
22500 31.4428
22550 31.5674
22600 31.648
22650 31.6813
22700 31.7233
22750 31.7759
22800 31.9589
22850 32.0544
22900 32.1322
22950 32.2379
23000 32.335
23050 32.4252
23100 32.5179
23150 32.624
23200 32.6647
23250 32.7244
23300 32.6659
23350 32.6455
23400 32.6288
23450 32.6413
23500 32.6934
23550 32.7096
23600 32.7974
23650 32.9185
23700 33.0346
23750 33.1223
23800 33.2356
23850 33.2286
23900 33.2167
23950 33.2156
24000 33.2855
24050 33.4052
24100 33.4744
24150 33.5098
24200 33.5444
24250 33.6339
24300 33.6966
24350 33.8196
24400 33.9157
24450 33.997
24500 34.0681
24550 34.1021
24600 34.2065
24650 34.347
24700 34.44
24750 34.5514
24800 34.6011
24850 34.6329
24900 34.7573
24950 34.84
25000 34.9499
25050 35.0323
25100 35.1406
25150 35.2157
25200 35.2481
25250 35.3077
25300 35.3136
25350 35.3723
25400 35.4071
25450 35.337
25500 35.3778
25550 35.4324
25600 35.4916
25650 35.6204
25700 35.698
25750 35.729
25800 35.7221
25850 35.7258
25900 35.8167
25950 35.9063
26000 35.9288
26050 36.0302
26100 36.1806
26150 36.2974
26200 36.3167
26250 36.3104
26300 36.3568
26350 36.4462
26400 36.5629
26450 36.5895
26500 36.6327
26550 36.6787
26600 36.775
26650 36.8329
26700 36.8923
26750 36.957
26800 37.007
26850 36.9572
26900 36.9111
26950 36.9398
27000 37.0263
27050 37.1189
27100 37.2268
27150 37.3012
27200 37.3048
27250 37.3224
27300 37.3326
27350 37.3034
27400 37.3099
27450 37.2872
27500 37.2692
27550 37.2632
27600 37.213
27650 37.2844
27700 37.3622
27750 37.3892
27800 37.4454
27850 37.4588
27900 37.531
27950 37.6946
28000 37.8476
28050 37.9443
28100 37.986
28150 38.0944
28200 38.2127
28250 38.2249
28300 38.2071
28350 38.1872
28400 38.1394
28450 38.0748
28500 37.9844
28550 37.9543
28600 37.876
28650 37.7926
28700 37.7619
28750 37.7438
28800 37.7766
28850 37.757
28900 37.8236
28950 37.9447
29000 38.092
29050 38.2216
29100 38.2772
29150 38.21
29200 38.1659
29250 38.2108
29300 38.127
29350 37.9944
29400 37.8988
29450 37.8813
29500 37.9684
29550 38.0787
29600 38.2158
29650 38.3353
29700 38.3896
29750 38.4224
29800 38.4756
29850 38.5909
29900 38.6272
29950 38.6543
30000 38.6231
30050 38.5843
30100 38.6013
30150 38.6769
30200 38.782
30250 38.8156
30300 38.7667
30350 38.7558
30400 38.7575
30450 38.8944
30500 39.0101
30550 39.0395
30600 39.0601
30650 39.1731
30700 39.2942
30750 39.3325
30800 39.3418
30850 39.3459
30900 39.4054
30950 39.4414
31000 39.4516
31050 39.4886
31100 39.556
31150 39.5883
31200 39.5807
31250 39.5793
31300 39.6093
31350 39.6784
31400 39.7259
31450 39.7472
31500 39.7334
31550 39.8228
31600 39.8812
31650 39.8375
31700 39.9141
31750 39.9978
31800 40.1061
31850 40.2791
31900 40.4243
31950 40.5162
32000 40.5478
32050 40.588
32100 40.5826
32150 40.5571
32200 40.5554
32250 40.5765
32300 40.658
32350 40.7248
32400 40.7934
32450 40.738
32500 40.7514
32550 40.7315
32600 40.7403
32650 40.7114
32700 40.6924
32750 40.742
32800 40.8564
32850 40.8874
32900 40.9279
32950 40.9567
33000 40.9477
33050 40.9123
33100 40.9064
33150 40.9493
33200 40.9902
33250 41.1021
33300 41.254
33350 41.46
33400 41.5748
33450 41.6914
33500 41.7638
33550 41.8531
33600 41.9306
33650 41.9288
33700 41.9955
33750 42.0535
33800 42.0999
33850 42.153
33900 42.2855
33950 42.3221
34000 42.4637
34050 42.5194
34100 42.4617
34150 42.5036
34200 42.5404
34250 42.6558
34300 42.7199
34350 42.8501
34400 42.9153
34450 42.9678
34500 42.967
34550 42.9896
34600 43.0573
34650 43.1657
34700 43.2346
34750 43.3124
34800 43.398
34850 43.5263
34900 43.5984
34950 43.7258
35000 43.8744
35050 43.9709
35100 44.0276
35150 44.0833
35200 44.1936
35250 44.1361
35300 44.0739
35350 44.0293
35400 44.0431
35450 44.0519
35500 44.0703
35550 44.1644
35600 44.2742
35650 44.3469
35700 44.4513
35750 44.4997
35800 44.6101
35850 44.6576
35900 44.6024
35950 44.5903
36000 44.6106
36050 44.5966
36100 44.5536
36150 44.5829
36200 44.6054
36250 44.6653
36300 44.6487
36350 44.6496
36400 44.6277
36450 44.7403
36500 44.7658
36550 44.7829
36600 44.8092
36650 44.8852
36700 44.86
36750 44.9089
36800 44.9667
36850 45.0057
36900 44.9685
36950 44.946
37000 44.9214
37050 44.9242
37100 44.9286
37150 45.0257
37200 45.1088
37250 45.1602
37300 45.2202
37350 45.2736
37400 45.3418
37450 45.3727
37500 45.4501
37550 45.539
37600 45.5948
37650 45.7071
37700 45.8484
37750 46.0012
37800 46.2037
37850 46.3192
37900 46.4301
37950 46.485
38000 46.504
38050 46.5224
38100 46.5873
38150 46.6076
38200 46.6143
38250 46.6108
38300 46.5634
38350 46.5112
38400 46.3427
38450 46.143
38500 46
38550 46.0043
38600 46.0859
38650 46.1228
38700 46.1811
38750 46.2175
38800 46.3194
38850 46.3976
38900 46.4841
38950 46.4688
39000 46.3709
39050 46.2485
39100 46.1914
39150 46.1123
39200 46.0351
39250 46.036
39300 46.0823
39350 46.1567
39400 46.2737
39450 46.3231
39500 46.3792
39550 46.5141
39600 46.6543
39650 46.7432
39700 46.8712
39750 46.997
39800 47.1352
39850 47.187
39900 47.2998
39950 47.3731
40000 47.4059
40050 47.3664
40100 47.3206
40150 47.2737
40200 47.2958
40250 47.3268
40300 47.4486
40350 47.4438
40400 47.4952
40450 47.6039
40500 47.704
40550 47.706
40600 47.8698
40650 48.032
40700 48.0559
40750 47.9951
40800 47.9236
40850 47.8505
40900 47.7879
40950 47.7288
41000 47.7925
41050 47.746
41100 47.8107
41150 47.8925
41200 47.868
41250 47.7845
41300 47.8334
41350 47.9475
41400 48.0281
41450 48.0877
41500 48.1933
41550 48.3048
41600 48.4296
41650 48.5883
41700 48.664
41750 48.8203
41800 48.9194
41850 49.037
41900 49.1132
41950 49.1691
42000 49.2205
42050 49.2679
42100 49.4216
42150 49.4677
42200 49.4677
42250 49.5374
42300 49.6384
42350 49.7214
42400 49.7854
42450 49.8264
42500 49.8805
42550 50.0167
42600 50.1935
42650 50.3161
42700 50.4673
42750 50.5419
42800 50.717
42850 50.8617
42900 50.9607
42950 51.0277
43000 51.0533
43050 51.0279
43100 51.102
43150 51.125
43200 51.1521
43250 51.1858
43300 51.2056
43350 51.2119
43400 51.2726
43450 51.3339
43500 51.474
43550 51.6124
43600 51.8278
43650 52.011
43700 52.0475
43750 52.1292
43800 52.2211
43850 52.26
43900 52.1243
43950 52.0994
44000 52.1651
44050 52.207
44100 52.2776
44150 52.4364
44200 52.6349
44250 52.8407
44300 53.011
44350 53.196
44400 53.3319
44450 53.4415
44500 53.4767
44550 53.3969
44600 53.4417
44650 53.4047
44700 53.3522
44750 53.3787
44800 53.4754
44850 53.6684
44900 53.8141
44950 53.8786
45000 53.9755
45050 54.0369
45100 54.0164
45150 54.0514
45200 54.0938
45250 54.2157
45300 54.2331
45350 54.2801
45400 54.2643
45450 54.2438
45500 54.1831
45550 54.1689
45600 54.1523
45650 54.1669
45700 54.1325
45750 54.1127
45800 54.2058
45850 54.407
45900 54.4839
45950 54.5074
46000 54.536
46050 54.6023
46100 54.6561
46150 54.6725
46200 54.7814
46250 54.9012
46300 54.9432
46350 55.0336
46400 55.0834
46450 55.1527
46500 55.174
46550 55.2606
46600 55.3496
46650 55.3716
46700 55.4033
46750 55.4577
46800 55.5738
46850 55.6657
46900 55.5856
46950 55.4443
47000 55.3387
47050 55.1693
47100 55.0465
47150 54.8974
47200 54.7974
47250 54.7653
47300 54.8133
47350 54.8686
47400 54.9239
47450 54.973
47500 54.9935
47550 54.9961
47600 54.9993
47650 55.0293
47700 55.1688
47750 55.2894
47800 55.4107
47850 55.4507
47900 55.4924
47950 55.4906
48000 55.5694
48050 55.7178
48100 55.7527
48150 55.7259
48200 55.7219
48250 55.7703
48300 55.8337
48350 55.9434
48400 56.0626
48450 56.1262
48500 56.2332
48550 56.2846
48600 56.2451
48650 56.2458
48700 56.274
48750 56.3032
48800 56.2363
48850 56.2343
48900 56.0931
48950 55.9971
49000 56.0888
49050 56.2287
49100 56.1952
49150 56.2001
49200 56.2277
49250 56.1763
49300 56.0653
49350 56.0886
49400 56.1929
49450 56.1808
49500 56.1914
49550 56.254
49600 56.2504
49650 56.2684
49700 56.2427
49750 56.2403
49800 56.1102
49850 56.0332
49900 55.9787
49950 56.0072
50000 56.0313
50050 56.0513
50100 56.0333
50150 55.8932
50200 55.8427
50250 55.7184
50300 55.5195
50350 55.3701
50400 55.2718
50450 55.2218
50500 55.1113
50550 55.1065
50600 55.053
50650 55.0288
50700 55.0181
50750 54.9443
50800 54.9162
50850 54.8166
50900 54.7879
50950 54.7653
51000 54.6836
51050 54.6216
51100 54.4521
51150 54.3029
51200 54.2564
51250 54.2848
51300 54.3989
51350 54.4433
51400 54.4165
51450 54.458
51500 54.4657
51550 54.4422
51600 54.4725
51650 54.5113
51700 54.5573
51750 54.4999
51800 54.3717
51850 54.4012
51900 54.5448
51950 54.5668
52000 54.5732
52050 54.5554
52100 54.5782
52150 54.6201
52200 54.653
52250 54.6671
52300 54.7799
52350 55.002
52400 55.2104
52450 55.3758
52500 55.4596
52550 55.4822
52600 55.4999
52650 55.44
52700 55.369
52750 55.3575
52800 55.3842
52850 55.3588
52900 55.3135
52950 55.2645
53000 55.1364
53050 55.0547
53100 55.0044
53150 55.0475
53200 55.0374
53250 54.9707
53300 54.9453
53350 54.9594
53400 54.9227
53450 54.9315
53500 55.04
53550 55.3126
53600 55.5407
53650 55.6821
53700 55.9328
53750 56.302
53800 56.5165
53850 56.6868
53900 56.7228
53950 56.7934
54000 56.8349
54050 56.9333
54100 56.9967
54150 57.0631
54200 57.1084
54250 57.1718
54300 57.2513
54350 57.2577
54400 57.2219
54450 57.2555
54500 57.3763
54550 57.3463
54600 57.3138
54650 57.2295
54700 57.3274
54750 57.3421
54800 57.4243
54850 57.4808
54900 57.5529
54950 57.5926
55000 57.5829
55050 57.617
55100 57.618
55150 57.7103
55200 57.7169
55250 57.6551
55300 57.5814
55350 57.436
55400 57.3523
55450 57.2498
55500 57.1891
55550 57.0567
55600 56.9194
55650 56.9056
55700 56.8861
55750 56.8424
55800 56.9008
55850 56.9349
55900 57.0478
55950 57.0993
56000 57.0924
56050 57.0538
56100 57.0329
56150 57.181
56200 57.2348
56250 57.356
56300 57.4057
56350 57.3733
56400 57.2502
56450 57.0998
56500 57.0333
56550 56.9832
56600 56.9914
56650 56.9056
56700 56.8737
56750 56.9524
56800 57.023
56850 57.0558
56900 57.0679
56950 57.1048
57000 57.1065
57050 57.0921
57100 57.1049
57150 57.0306
57200 56.8912
57250 56.7094
57300 56.5179
57350 56.3488
57400 56.2483
57450 56.1923
57500 56.2147
57550 56.2045
57600 56.2673
57650 56.3155
57700 56.3315
57750 56.2796
57800 56.2587
57850 56.3216
57900 56.2712
57950 56.1846
58000 56.1084
58050 56.0112
58100 55.9658
58150 55.8498
58200 55.7926
58250 55.7378
58300 55.7175
58350 55.6775
58400 55.6782
58450 55.757
58500 55.7481
58550 55.6768
58600 55.5938
58650 55.4947
58700 55.4325
58750 55.3233
58800 55.193
58850 55.1254
58900 55.1081
58950 55.0355
59000 54.9101
59050 54.7823
59100 54.7402
59150 54.7942
59200 54.8337
59250 54.9427
59300 55.0155
59350 55.1176
59400 55.1846
59450 55.154
59500 55.1743
59550 55.2817
59600 55.4006
59650 55.5105
59700 55.5924
59750 55.6022
59800 55.7319
59850 55.8177
59900 55.9459
59950 55.9886
60000 55.9734
60050 55.9717
60100 55.9199
60150 55.9118
60200 55.8818
60250 55.8257
60300 55.7238
60350 55.6727
60400 55.7844
60450 55.856
60500 55.9034
60550 56.0905
60600 56.3219
60650 56.3896
60700 56.4098
60750 56.4081
60800 56.401
60850 56.3811
60900 56.3321
60950 56.4261
61000 56.592
61050 56.6415
61100 56.7154
61150 56.853
61200 56.9425
61250 56.9904
61300 56.9326
61350 56.8968
61400 56.8303
61450 56.7429
61500 56.6982
61550 56.7325
61600 56.7733
61650 56.9045
61700 57.0685
61750 57.1322
61800 57.1372
61850 57.2241
61900 57.278
61950 57.3281
62000 57.3691
62050 57.3436
62100 57.2607
62150 57.2219
62200 57.2241
62250 57.2839
62300 57.4358
62350 57.4777
62400 57.5077
62450 57.5833
62500 57.672
62550 57.7366
62600 57.6881
62650 57.7401
62700 57.8378
62750 57.9351
62800 58.0785
62850 58.3154
62900 58.4762
62950 58.6169
63000 58.5828
63050 58.6423
63100 58.689
63150 58.7435
63200 58.7845
63250 58.819
63300 58.8116
63350 58.7561
63400 58.7024
63450 58.7172
63500 58.7146
63550 58.7864
63600 58.9341
63650 58.9282
63700 58.8534
63750 58.8915
63800 58.98
63850 59.0963
63900 59.2666
63950 59.4125
64000 59.501
64050 59.5094
64100 59.5423
64150 59.522
64200 59.4846
64250 59.6101
64300 59.6546
64350 59.7141
64400 59.8239
64450 59.8751
64500 59.907
64550 59.9368
64600 59.9728
64650 59.9873
64700 59.8877
64750 59.6933
64800 59.709
64850 59.7291
64900 59.7542
64950 59.7736
65000 59.742
65050 59.7594
65100 59.7901
65150 59.7507
65200 59.7007
65250 59.6165
65300 59.7306
65350 59.8838
65400 59.955
65450 60.0256
65500 60.1174
65550 60.1111
65600 60.128
65650 60.0911
65700 60.0199
65750 60.0818
65800 60.1137
65850 60.0319
65900 59.9443
65950 59.8272
66000 59.8413
66050 59.8903
66100 59.9846
66150 60.1983
66200 60.1661
66250 60.198
66300 60.2746
66350 60.3982
66400 60.5975
66450 60.7549
66500 60.9326
66550 61.0625
66600 61.0567
66650 61.0445
66700 61.1304
66750 61.1891
66800 61.2478
66850 61.3312
66900 61.3145
66950 61.2041
67000 61.0622
67050 61.0902
67100 61.1313
67150 61.1113
67200 61.0282
67250 61.0392
67300 61.1419
67350 61.2343
67400 61.2245
67450 61.1785
67500 61.0899
67550 61.1426
67600 61.1135
67650 61.1592
67700 61.1706
67750 61.1548
67800 61.2014
67850 61.1196
67900 61.082
67950 61.1301
68000 61.1879
68050 61.182
68100 61.1873
68150 61.3083
68200 61.4901
68250 61.5653
68300 61.6517
68350 61.681
68400 61.7132
68450 61.7127
68500 61.7649
68550 61.7086
68600 61.6253
68650 61.6744
68700 61.697
68750 61.7485
68800 61.7768
68850 61.8468
68900 61.8103
68950 61.8127
69000 61.9218
69050 61.9588
69100 61.9167
69150 61.9274
69200 61.8866
69250 61.8792
69300 61.8936
69350 61.9284
69400 61.9857
69450 62.0125
69500 62.0372
69550 62.0464
69600 62.0879
69650 62.0858
69700 62.0675
69750 62.1176
69800 62.2393
69850 62.3671
69900 62.3847
69950 62.3588
70000 62.3791
70050 62.3969
70100 62.4207
70150 62.4298
70200 62.4438
70250 62.4901
70300 62.5443
70350 62.5947
70400 62.6205
70450 62.6096
70500 62.6395
70550 62.5548
70600 62.599
70650 62.6403
70700 62.6622
70750 62.6707
70800 62.9055
70850 63.04
70900 63.147
70950 63.2054
71000 63.3137
71050 63.3319
71100 63.4104
71150 63.581
71200 63.7611
71250 63.8708
71300 63.9398
71350 63.9872
71400 63.9195
71450 63.8763
71500 63.9011
71550 63.9728
71600 64.0526
71650 64.1594
71700 64.3922
71750 64.5297
71800 64.6112
71850 64.6685
71900 64.7067
71950 64.6935
72000 64.6283
72050 64.594
72100 64.6416
72150 64.7935
72200 64.8792
72250 64.9447
72300 65.0235
72350 64.9833
72400 65.1354
72450 65.3335
72500 65.3787
72550 65.5265
72600 65.6161
72650 65.6805
72700 65.7774
72750 65.8439
72800 66.0397
72850 66.2375
72900 66.3289
72950 66.2739
73000 66.3177
73050 66.4202
73100 66.5718
73150 66.7541
73200 67.0229
73250 67.2377
73300 67.4482
73350 67.5295
73400 67.5455
73450 67.5484
73500 67.6201
73550 67.6173
73600 67.5603
73650 67.4892
73700 67.4482
73750 67.5596
73800 67.5861
73850 67.675
73900 67.7465
73950 67.7964
74000 67.867
74050 67.8868
74100 67.9764
74150 68.1266
74200 68.2528
74250 68.3413
74300 68.3108
74350 68.2549
74400 68.3293
74450 68.2907
74500 68.3433
74550 68.4143
74600 68.5679
74650 68.7928
74700 68.9581
74750 69.2518
74800 69.3959
74850 69.5465
74900 69.6352
74950 69.7196
75000 69.7164
75050 69.6906
75100 69.7075
75150 69.6904
75200 69.7494
75250 69.772
75300 69.7634
75350 69.7387
75400 69.7305
75450 69.7238
75500 69.7211
75550 69.7069
75600 69.7299
75650 69.7347
75700 69.8326
75750 69.8278
75800 69.7061
75850 69.5803
75900 69.4505
75950 69.325
76000 69.1879
76050 69.1842
76100 69.1677
76150 69.213
76200 69.2392
76250 69.1373
76300 69.1231
76350 69.1981
76400 69.2157
76450 69.2105
76500 69.2229
76550 69.2457
76600 69.1945
76650 69.0923
76700 69.025
76750 68.9412
76800 68.8412
76850 68.7386
76900 68.696
76950 68.7875
77000 68.9121
77050 69.0208
77100 69.0115
77150 69.0422
77200 69.0733
77250 69.2349
77300 69.3504
77350 69.4788
77400 69.5798
77450 69.6479
77500 69.6828
77550 69.6577
77600 69.6281
77650 69.5637
77700 69.5448
77750 69.4679
77800 69.3395
77850 69.346
77900 69.3135
77950 69.2594
78000 69.2618
78050 69.3246
78100 69.3737
78150 69.3747
78200 69.3746
78250 69.4107
78300 69.331
78350 69.3318
78400 69.3018
78450 69.199
78500 69.0596
78550 68.924
78600 68.8984
78650 69.0484
78700 69.1795
78750 69.2963
78800 69.508
78850 69.6233
78900 69.619
78950 69.644
79000 69.7728
79050 69.8246
79100 69.9953
79150 70.1129
79200 70.1156
79250 70.2234
79300 70.2315
79350 70.1579
79400 70.098
79450 69.9941
79500 69.9618
79550 70.0028
79600 70.0725
79650 69.9897
79700 69.8409
79750 69.7098
79800 69.6607
79850 69.6021
79900 69.6082
79950 69.7536
80000 69.8668
80050 69.9156
80100 70.0445
80150 70.1705
80200 70.2836
80250 70.4584
80300 70.6224
80350 70.6847
80400 70.6553
80450 70.576
80500 70.4978
80550 70.429
80600 70.3896
80650 70.4121
80700 70.4772
80750 70.492
80800 70.398
80850 70.4028
80900 70.2986
80950 70.2223
81000 70.1039
81050 69.9981
81100 69.8794
81150 69.8183
81200 69.8463
81250 69.8929
81300 69.9686
81350 70.002
81400 69.9007
81450 69.9779
81500 70.1907
81550 70.3708
81600 70.4804
81650 70.5831
81700 70.5177
81750 70.5693
81800 70.6112
81850 70.6694
81900 70.6362
81950 70.7117
82000 70.812
82050 70.961
82100 70.9881
82150 70.988
82200 70.9814
82250 70.9916
82300 71.0447
82350 70.9646
82400 70.9346
82450 70.8751
82500 70.943
82550 71.0231
82600 70.9917
82650 71.0533
82700 71.1324
82750 71.1969
82800 71.2475
82850 71.2042
82900 71.0982
82950 71.008
83000 71.0409
83050 71.016
83100 70.9922
83150 70.9898
83200 70.9849
83250 70.9675
83300 71.0293
83350 71.1314
83400 71.285
83450 71.4587
83500 71.6092
83550 71.6695
83600 71.7219
83650 71.8609
83700 71.8953
83750 71.8856
83800 71.9353
83850 71.8766
83900 71.9025
83950 71.969
84000 71.9574
84050 71.9941
84100 72.2207
84150 72.3884
84200 72.4379
84250 72.6361
84300 72.8673
84350 72.9693
84400 73.0559
84450 73.1401
84500 73.2056
84550 73.3111
84600 73.3836
84650 73.3754
84700 73.3219
84750 73.3133
84800 73.3074
84850 73.3034
84900 73.312
84950 73.2219
85000 73.1366
85050 73.0636
85100 73.0724
85150 73.0238
85200 73.0335
85250 72.9486
85300 72.9314
85350 72.8348
85400 72.655
85450 72.4742
85500 72.2848
85550 72.1563
85600 72.0871
85650 72.1077
85700 72.1427
85750 72.1537
85800 72.154
85850 72.235
85900 72.2474
85950 72.2961
86000 72.4003
86050 72.4796
86100 72.4944
86150 72.4412
86200 72.3574
86250 72.2781
86300 72.2407
86350 72.1682
86400 72.1935
86450 72.2047
86500 72.1676
86550 72.203
86600 72.2112
86650 72.1649
86700 72.1344
86750 72.0723
86800 72.0768
86850 72.0432
86900 71.9785
86950 71.9221
87000 72.0707
87050 72.0594
87100 72.0289
87150 71.9822
87200 72.0313
87250 71.9893
87300 71.8131
87350 71.6391
87400 71.543
87450 71.4738
87500 71.3073
87550 71.2145
87600 71.1837
87650 71.0804
87700 71.1047
87750 71.1465
87800 71.0998
87850 71.0144
87900 71.0012
87950 70.9485
88000 70.8556
88050 70.8092
88100 70.7277
88150 70.7258
88200 70.7405
88250 70.6951
88300 70.6284
88350 70.6123
88400 70.5683
88450 70.5997
88500 70.6527
88550 70.6732
88600 70.7085
88650 70.7561
88700 70.8208
88750 70.7691
88800 70.7082
88850 70.6942
88900 70.6728
88950 70.8551
89000 70.9766
89050 71.1708
89100 71.2056
89150 71.1753
89200 71.1712
89250 71.1096
89300 71.1216
89350 71.1077
89400 71.1177
89450 71.1491
89500 71.1878
89550 71.2702
89600 71.3846
89650 71.4776
89700 71.5368
89750 71.5155
89800 71.6351
89850 71.7571
89900 71.7128
89950 71.651
90000 71.533
90050 71.44
90100 71.4012
90150 71.3212
90200 71.3576
90250 71.3843
90300 71.296
90350 71.1232
90400 70.9884
90450 70.8473
90500 70.8102
90550 70.7815
90600 70.6953
90650 70.5807
90700 70.5696
90750 70.5629
90800 70.5474
90850 70.647
90900 70.7262
90950 70.827
91000 70.8794
91050 71.0239
91100 71.1153
91150 71.1179
91200 71.1297
91250 71.0577
91300 71.1082
91350 71.1243
91400 71.0788
91450 70.9713
91500 70.8012
91550 70.6095
91600 70.4065
91650 70.4064
91700 70.5164
91750 70.5358
91800 70.5346
91850 70.3973
91900 70.2588
91950 70.2314
92000 70.1795
92050 70.1244
92100 70.0207
92150 69.9946
92200 70.0094
92250 69.9833
92300 70.0172
92350 70.0274
92400 69.9697
92450 69.9041
92500 69.8294
92550 69.8607
92600 70.0278
92650 70.2215
92700 70.3857
92750 70.4302
92800 70.5092
92850 70.5127
92900 70.5542
92950 70.6194
93000 70.7025
93050 70.8232
93100 70.8619
93150 70.918
93200 70.9348
93250 70.995
93300 71.0957
93350 71.1886
93400 71.2606
93450 71.3409
93500 71.3767
93550 71.3812
93600 71.2975
93650 71.3645
93700 71.258
93750 71.0376
93800 70.9418
93850 70.9628
93900 71.068
93950 71.1967
94000 71.2769
94050 71.2721
94100 71.2873
94150 71.3008
94200 71.2958
94250 71.3099
94300 71.3121
94350 71.3336
94400 71.3738
94450 71.4323
94500 71.4686
94550 71.4388
94600 71.4326
94650 71.4322
94700 71.3637
94750 71.3837
94800 71.4265
94850 71.455
94900 71.6079
94950 71.6138
95000 71.5933
95050 71.5674
95100 71.484
95150 71.5942
95200 71.6859
95250 71.8344
95300 71.8903
95350 71.9733
95400 71.9711
95450 71.9254
95500 71.9254
95550 71.9695
95600 71.9487
95650 71.8968
95700 71.7937
95750 71.7563
95800 71.7301
95850 71.721
95900 71.6349
95950 71.4854
96000 71.4434
96050 71.4444
96100 71.295
96150 71.2347
96200 71.2243
96250 71.393
96300 71.4926
96350 71.5832
96400 71.7415
96450 71.8321
96500 71.8409
96550 71.7841
96600 71.8341
96650 71.9367
96700 72.1361
96750 72.2462
96800 72.3556
96850 72.4751
96900 72.6075
96950 72.7284
97000 72.8644
97050 72.9988
97100 73.0341
97150 73.1362
97200 73.3235
97250 73.3191
97300 73.3641
97350 73.3142
97400 73.3611
97450 73.4648
97500 73.5027
97550 73.4725
97600 73.5469
97650 73.721
97700 73.7657
97750 73.7836
97800 73.9875
97850 74.0402
97900 74.1274
97950 74.2244
98000 74.1069
98050 73.879
98100 73.7282
98150 73.6293
98200 73.5258
98250 73.4804
98300 73.541
98350 73.6881
98400 73.8445
98450 73.8473
98500 73.8223
98550 73.8475
98600 73.8126
98650 73.883
98700 73.9499
98750 74.006
98800 74.1117
98850 74.2334
98900 74.4237
98950 74.482
99000 74.5796
99050 74.612
99100 74.7149
99150 74.8015
99200 74.9436
99250 75.0908
99300 75.1212
99350 75.1449
99400 75.0391
99450 75.1332
99500 75.153
99550 75.1214
99600 75.054
99650 74.9092
99700 74.846
99750 74.7797
99800 74.7296
99850 74.617
99900 74.5316
99950 74.636
100000 74.6877
