# Time-averaged data for fix msd_avg_all
# TimeStep c_msd_all[4]
0 6.56306e-28
50 0.182373
100 0.472365
150 0.76057
200 1.03951
250 1.29318
300 1.52458
350 1.72999
400 1.91501
450 2.09598
500 2.27453
550 2.44313
600 2.59964
650 2.72305
700 2.83054
750 2.96611
800 3.09533
850 3.22253
900 3.3584
950 3.49191
1000 3.6207
1050 3.7513
1100 3.87911
1150 3.9867
1200 4.10564
1250 4.21551
1300 4.34497
1350 4.47307
1400 4.57573
1450 4.66621
1500 4.78058
1550 4.88237
1600 4.96204
1650 5.06369
1700 5.1638
1750 5.25188
1800 5.35354
1850 5.43281
1900 5.5609
1950 5.64576
2000 5.72769
2050 5.81712
2100 5.90854
2150 5.96868
2200 6.04718
2250 6.11725
2300 6.19894
2350 6.28926
2400 6.3634
2450 6.41549
2500 6.5071
2550 6.59732
2600 6.71275
2650 6.82562
2700 6.89174
2750 6.9597
2800 7.00171
2850 7.04581
2900 7.10225
2950 7.15734
3000 7.217
3050 7.27538
3100 7.32965
3150 7.4085
3200 7.49454
3250 7.60148
3300 7.72623
3350 7.82974
3400 7.92902
3450 8.04599
3500 8.13426
3550 8.21168
3600 8.24837
3650 8.30079
3700 8.36835
3750 8.42072
3800 8.42984
3850 8.46507
3900 8.49818
3950 8.54847
4000 8.5909
4050 8.66292
4100 8.71035
4150 8.76393
4200 8.79052
4250 8.78755
4300 8.82159
4350 8.91904
4400 8.99278
4450 9.08322
4500 9.17286
4550 9.28
4600 9.32804
4650 9.35341
4700 9.38473
4750 9.40643
4800 9.36433
4850 9.32244
4900 9.33835
4950 9.40102
5000 9.43908
5050 9.44723
5100 9.47434
5150 9.52373
5200 9.58895
5250 9.62828
5300 9.70645
5350 9.76039
5400 9.81755
5450 9.8505
5500 9.87338
5550 9.9367
5600 9.98116
5650 10.028
5700 10.1109
5750 10.1603
5800 10.1908
5850 10.2541
5900 10.3163
5950 10.4366
6000 10.5183
6050 10.5981
6100 10.6533
6150 10.7068
6200 10.7738
6250 10.8511
6300 10.9239
6350 10.9714
6400 11.0624
6450 11.1246
6500 11.1529
6550 11.2337
6600 11.3075
6650 11.3466
6700 11.3671
6750 11.3455
6800 11.2923
6850 11.3029
6900 11.3515
6950 11.4283
7000 11.5342
7050 11.6235
7100 11.6799
7150 11.7061
7200 11.7596
7250 11.8041
7300 11.8522
7350 11.9036
7400 11.9227
7450 11.9604
7500 12.0195
7550 12.0649
7600 12.0962
7650 12.1492
7700 12.1626
7750 12.1826
7800 12.2581
7850 12.3253
7900 12.3939
7950 12.4753
8000 12.5829
8050 12.6562
8100 12.7458
8150 12.8399
8200 12.9254
8250 13.0111
8300 13.1039
8350 13.1345
8400 13.1749
8450 13.1821
8500 13.1774
8550 13.1747
8600 13.2012
8650 13.2905
8700 13.3872
8750 13.4888
8800 13.5442
8850 13.5451
8900 13.6098
8950 13.6326
9000 13.6294
9050 13.689
9100 13.789
9150 13.8695
9200 13.9901
9250 14.0249
9300 14.0672
9350 14.0861
9400 14.1546
9450 14.2292
9500 14.337
9550 14.4106
9600 14.4816
9650 14.5749
9700 14.674
9750 14.7656
9800 14.8434
9850 14.8829
9900 14.9239
9950 14.9889
10000 15.0669
10050 15.1437
10100 15.2279
10150 15.2822
10200 15.2902
10250 15.3345
10300 15.3857
10350 15.3696
10400 15.4056
10450 15.4147
10500 15.4583
10550 15.5229
10600 15.5944
10650 15.6057
10700 15.6401
10750 15.6833
10800 15.7213
10850 15.7921
10900 15.8225
10950 15.8444
11000 15.8326
11050 15.8648
11100 15.889
11150 15.8965
11200 15.8993
11250 15.9631
11300 16.0388
11350 16.1178
11400 16.1685
11450 16.2547
11500 16.3876
11550 16.4944
11600 16.5767
11650 16.5785
11700 16.6276
11750 16.7578
11800 16.872
11850 16.9622
11900 17.0326
11950 17.1051
12000 17.1109
12050 17.136
12100 17.2187
12150 17.3326
12200 17.3924
12250 17.4698
12300 17.4608
12350 17.3521
12400 17.2379
12450 17.229
12500 17.2904
12550 17.3422
12600 17.3483
12650 17.3267
12700 17.3827
12750 17.4341
12800 17.5259
12850 17.6086
12900 17.6416
12950 17.6855
13000 17.7824
13050 17.8395
13100 17.9005
13150 17.9921
13200 18.0628
13250 18.171
13300 18.265
13350 18.3197
13400 18.3271
13450 18.4311
13500 18.489
13550 18.5785
13600 18.6551
13650 18.6912
13700 18.7512
13750 18.8709
13800 18.8984
13850 18.9659
13900 18.9686
13950 18.9745
14000 18.9742
14050 18.9954
14100 19.0637
14150 19.1056
14200 19.1621
14250 19.2204
14300 19.2492
14350 19.3063
14400 19.3218
14450 19.3672
14500 19.4034
14550 19.4256
14600 19.4591
14650 19.4694
14700 19.4587
14750 19.5477
14800 19.6289
14850 19.7706
14900 19.9154
14950 19.9785
15000 19.9714
15050 19.9363
15100 19.9051
15150 19.8849
15200 19.8637
15250 19.817
15300 19.8622
15350 19.9578
15400 20.0104
15450 20.0639
15500 20.1192
15550 20.0965
15600 20.1061
15650 20.0944
15700 20.1489
15750 20.271
15800 20.3432
15850 20.4123
15900 20.4056
15950 20.3724
16000 20.4028
16050 20.4109
16100 20.4965
16150 20.5931
16200 20.6947
16250 20.8052
16300 20.9199
16350 21.1133
16400 21.2701
16450 21.4021
16500 21.4899
16550 21.5645
16600 21.6296
16650 21.659
16700 21.6268
16750 21.6361
16800 21.6725
16850 21.7557
16900 21.8322
16950 21.9451
17000 22.0015
17050 21.9702
17100 21.9438
17150 21.9217
17200 21.9909
17250 22.0988
17300 22.1433
17350 22.1497
17400 22.2869
17450 22.3768
17500 22.4121
17550 22.3641
17600 22.3413
17650 22.3746
17700 22.3571
17750 22.3963
17800 22.4785
17850 22.539
17900 22.6221
17950 22.6349
18000 22.6438
18050 22.6604
18100 22.7255
18150 22.7598
18200 22.7453
18250 22.7371
18300 22.7188
18350 22.6238
18400 22.5638
18450 22.5726
18500 22.5682
18550 22.636
18600 22.6668
18650 22.6514
18700 22.6323
18750 22.6318
18800 22.6274
18850 22.668
18900 22.6525
18950 22.6412
19000 22.6732
19050 22.6693
19100 22.6169
19150 22.6326
19200 22.6466
19250 22.7089
19300 22.8176
19350 22.9255
19400 23.0259
19450 23.0959
19500 23.2161
19550 23.3658
19600 23.4816
19650 23.5157
19700 23.5338
19750 23.5517
19800 23.5656
19850 23.6681
19900 23.6791
19950 23.6542
20000 23.7106
20050 23.7916
20100 23.8582
20150 23.9344
20200 24.0287
20250 24.1272
20300 24.183
20350 24.2771
20400 24.3764
20450 24.4631
20500 24.5604
20550 24.6349
20600 24.7254
20650 24.7802
20700 24.8083
20750 24.8214
20800 24.8947
20850 24.979
20900 25.0298
20950 25.0692
21000 25.1359
21050 25.1901
21100 25.1982
21150 25.2318
21200 25.2982
21250 25.3843
21300 25.4478
21350 25.5029
21400 25.6458
21450 25.7422
21500 25.8573
21550 25.9617
21600 26.0872
21650 26.2352
21700 26.384
21750 26.5377
21800 26.6397
21850 26.7058
21900 26.7873
21950 26.8941
22000 27.0013
22050 27.1047
22100 27.1804
22150 27.2924
22200 27.3479
22250 27.3417
22300 27.4317
22350 27.4837
22400 27.5815
22450 27.7008
22500 27.832
22550 27.9468
22600 28.0434
22650 28.0496
22700 28.1566
22750 28.2735
22800 28.4028
22850 28.5296
22900 28.5904
22950 28.668
23000 28.7298
23050 28.7709
23100 28.8361
23150 28.9078
23200 28.9509
23250 28.9807
23300 28.9467
23350 28.8753
23400 28.8094
23450 28.747
23500 28.7481
23550 28.7521
23600 28.8036
23650 28.9076
23700 29.0605
23750 29.1429
23800 29.1826
23850 29.1753
23900 29.113
23950 29.0631
24000 28.9755
24050 28.8952
24100 28.8615
24150 28.8673
24200 28.8528
24250 28.8277
24300 28.853
24350 28.8962
24400 28.9612
24450 29.0834
24500 29.0911
24550 29.1462
24600 29.2518
24650 29.3928
24700 29.5019
24750 29.5876
24800 29.6534
24850 29.7463
24900 29.8333
24950 29.9196
25000 30.0226
25050 30.1116
25100 30.1485
25150 30.1982
25200 30.2802
25250 30.3581
25300 30.397
25350 30.4248
25400 30.4192
25450 30.4321
25500 30.3839
25550 30.343
25600 30.4354
25650 30.471
25700 30.4818
25750 30.456
25800 30.4479
25850 30.5111
25900 30.5364
25950 30.6409
26000 30.7555
26050 30.8166
26100 30.8758
26150 30.9316
26200 30.999
26250 31.1087
26300 31.1922
26350 31.222
26400 31.2695
26450 31.3348
26500 31.3987
26550 31.4712
26600 31.4705
26650 31.5256
26700 31.6595
26750 31.7978
26800 31.883
26850 31.9852
26900 32.0452
26950 32.166
27000 32.2766
27050 32.4105
27100 32.5568
27150 32.6736
27200 32.7498
27250 32.7388
27300 32.6323
27350 32.6013
27400 32.565
27450 32.4733
27500 32.4416
27550 32.4837
27600 32.4839
27650 32.4861
27700 32.458
27750 32.4408
27800 32.4493
27850 32.4587
27900 32.5099
27950 32.5193
28000 32.4473
28050 32.4134
28100 32.4181
28150 32.4848
28200 32.4871
28250 32.5344
28300 32.6241
28350 32.6255
28400 32.5922
28450 32.6254
28500 32.6469
28550 32.6646
28600 32.7538
28650 32.8409
28700 32.8781
28750 32.8839
28800 32.92
28850 33.0156
28900 33.0808
28950 33.1901
29000 33.3515
29050 33.5134
29100 33.6192
29150 33.7173
29200 33.8639
29250 33.9411
29300 34.0706
29350 34.1895
29400 34.2917
29450 34.3974
29500 34.5076
29550 34.4906
29600 34.5199
29650 34.5916
29700 34.6259
29750 34.7094
29800 34.7701
29850 34.8855
29900 35.0423
29950 35.1903
30000 35.365
30050 35.548
30100 35.7613
30150 35.9581
30200 36.1623
30250 36.3187
30300 36.539
30350 36.6645
30400 36.75
30450 36.8621
30500 36.976
30550 37.025
30600 37.0161
30650 37.0091
30700 37.0585
30750 37.1503
30800 37.2209
30850 37.2548
30900 37.2815
30950 37.3274
31000 37.365
31050 37.43
31100 37.4583
31150 37.4374
31200 37.4049
31250 37.3589
31300 37.318
31350 37.3031
31400 37.2992
31450 37.3409
31500 37.3679
31550 37.371
31600 37.389
31650 37.4686
31700 37.4324
31750 37.5156
31800 37.5911
31850 37.6394
31900 37.6797
31950 37.7465
32000 37.7756
32050 37.7379
32100 37.7851
32150 37.814
32200 37.9391
32250 38.1303
32300 38.251
32350 38.3634
32400 38.4191
32450 38.4278
32500 38.5359
32550 38.6095
32600 38.6016
32650 38.5985
32700 38.5888
32750 38.5848
32800 38.6232
32850 38.7489
32900 38.8532
32950 38.9889
33000 39.0224
33050 39.0703
33100 39.1982
33150 39.3002
33200 39.4487
33250 39.5555
33300 39.5928
33350 39.6078
33400 39.6055
33450 39.6411
33500 39.5765
33550 39.5542
33600 39.555
33650 39.6014
33700 39.7035
33750 39.7621
33800 39.671
33850 39.58
33900 39.4462
33950 39.3364
34000 39.2605
34050 39.1889
34100 39.1351
34150 39.1283
34200 39.0372
34250 39.0377
34300 39.0182
34350 39.0005
34400 38.9782
34450 38.9437
34500 38.9418
34550 38.9922
34600 38.9605
34650 38.9097
34700 38.8682
34750 38.8284
34800 38.7247
34850 38.6681
34900 38.6215
34950 38.6654
35000 38.7798
35050 38.8601
35100 38.8365
35150 38.8243
35200 38.9305
35250 39.0028
35300 39.1232
35350 39.202
35400 39.2623
35450 39.2527
35500 39.2101
35550 39.2214
35600 39.2257
35650 39.2318
35700 39.1883
35750 39.1267
35800 39.063
35850 39.0941
35900 39.1492
35950 39.2734
36000 39.2678
36050 39.2679
36100 39.2527
36150 39.3113
36200 39.291
36250 39.2968
36300 39.3302
36350 39.3659
36400 39.3951
36450 39.3617
36500 39.4533
36550 39.5442
36600 39.647
36650 39.7888
36700 39.8265
36750 39.9307
36800 39.9699
36850 40.0652
36900 40.139
36950 40.2949
37000 40.5204
37050 40.7346
37100 40.8629
37150 40.8877
37200 40.9451
37250 40.9519
37300 41.0893
37350 41.2637
37400 41.4275
37450 41.5551
37500 41.5602
37550 41.5931
37600 41.5166
37650 41.384
37700 41.2702
37750 41.2121
37800 41.0633
37850 40.8994
37900 40.7257
37950 40.616
38000 40.4947
38050 40.4394
38100 40.4257
38150 40.3445
38200 40.2033
38250 40.1126
38300 40.1448
38350 40.144
38400 40.209
38450 40.1845
38500 40.1691
38550 40.2056
38600 40.2948
38650 40.3043
38700 40.2993
38750 40.2278
38800 40.1992
38850 40.2178
38900 40.163
38950 40.0526
39000 39.9337
39050 39.7906
39100 39.8029
39150 39.9366
39200 40.0267
39250 40.1985
39300 40.3693
39350 40.4844
39400 40.4933
39450 40.5087
39500 40.5413
39550 40.5609
39600 40.5132
39650 40.47
39700 40.4322
39750 40.3331
39800 40.1921
39850 40.1612
39900 40.1955
39950 40.2317
40000 40.2492
40050 40.2268
40100 40.2689
40150 40.368
40200 40.4287
40250 40.4596
40300 40.4382
40350 40.375
40400 40.3342
40450 40.3049
40500 40.354
40550 40.4714
40600 40.5424
40650 40.6278
40700 40.6161
40750 40.6838
40800 40.7735
40850 40.8488
40900 40.863
40950 40.8462
41000 40.8729
41050 40.9384
41100 40.9603
41150 41.0056
41200 41.0018
41250 41.0119
41300 41.103
41350 41.2611
41400 41.3026
41450 41.3696
41500 41.4889
41550 41.5265
41600 41.6009
41650 41.6552
41700 41.6184
41750 41.5887
41800 41.5519
41850 41.5373
41900 41.5242
41950 41.5399
42000 41.5347
42050 41.5056
42100 41.5498
42150 41.5909
42200 41.5621
42250 41.6197
42300 41.5899
42350 41.5893
42400 41.5505
42450 41.6617
42500 41.7391
42550 41.8204
42600 41.893
42650 41.9553
42700 41.9931
42750 41.9276
42800 41.9526
42850 42.0176
42900 42.1747
42950 42.3133
43000 42.3816
43050 42.4409
43100 42.4161
43150 42.3895
43200 42.5345
43250 42.6938
43300 42.7886
43350 42.9072
43400 42.9671
43450 42.9028
43500 42.8074
43550 42.6738
43600 42.642
43650 42.6312
43700 42.6337
43750 42.6234
43800 42.6845
43850 42.6383
43900 42.6297
43950 42.5578
44000 42.4431
44050 42.3737
44100 42.3206
44150 42.1956
44200 42.0849
44250 42.1018
44300 42.1149
44350 42.103
44400 42.1165
44450 42.1703
44500 42.2414
44550 42.217
44600 42.2101
44650 42.2344
44700 42.2209
44750 42.1758
44800 42.0899
44850 42.03
44900 42.0119
44950 41.9461
45000 41.9069
45050 41.8289
45100 41.8107
45150 41.825
45200 41.8797
45250 41.8361
45300 41.6984
45350 41.5616
45400 41.4712
45450 41.4636
45500 41.5345
45550 41.6204
45600 41.7132
45650 41.6445
45700 41.5754
45750 41.6038
45800 41.6489
45850 41.698
45900 41.8275
45950 41.9615
46000 42.1608
46050 42.2712
46100 42.2992
46150 42.3083
46200 42.3533
46250 42.5008
46300 42.6349
46350 42.7648
46400 42.7904
46450 42.7553
46500 42.7694
46550 42.8093
46600 42.7585
46650 42.7015
46700 42.6926
46750 42.7672
46800 42.8549
46850 42.9419
46900 43.1338
46950 43.256
47000 43.4259
47050 43.5068
47100 43.636
47150 43.7632
47200 43.8952
47250 44.0565
47300 44.1397
47350 44.1375
47400 44.1261
47450 44.1257
47500 44.271
47550 44.4063
47600 44.4763
47650 44.5301
47700 44.6229
47750 44.7007
47800 44.7692
47850 44.8204
47900 44.8892
47950 44.9455
48000 44.9709
48050 45.0371
48100 45.1568
48150 45.2063
48200 45.2604
48250 45.3219
48300 45.3981
48350 45.4178
48400 45.392
48450 45.372
48500 45.3007
48550 45.2511
48600 45.1873
48650 45.1266
48700 45.0806
48750 44.9405
48800 44.9316
48850 44.9906
48900 45.139
48950 45.1785
49000 45.2414
49050 45.2903
49100 45.3769
49150 45.3106
49200 45.2524
49250 45.178
49300 45.0995
49350 45.0711
49400 45.0912
49450 45.1141
49500 45.1735
49550 45.1736
49600 45.1855
49650 45.2916
49700 45.423
49750 45.5226
49800 45.5209
49850 45.5525
49900 45.6168
49950 45.5785
50000 45.6012
50050 45.645
50100 45.7503
50150 45.8014
50200 45.7722
50250 45.7555
50300 45.7082
50350 45.7155
50400 45.8211
50450 45.8572
50500 45.8444
50550 45.807
50600 45.7586
50650 45.7974
50700 45.8906
50750 46.0693
50800 46.3152
50850 46.4631
50900 46.4632
50950 46.4473
51000 46.3705
51050 46.4014
51100 46.4137
51150 46.343
51200 46.2986
51250 46.3615
51300 46.4356
51350 46.4602
51400 46.4792
51450 46.4703
51500 46.4883
51550 46.5265
51600 46.5558
51650 46.482
51700 46.3778
51750 46.3248
51800 46.3194
51850 46.3634
51900 46.4083
51950 46.4176
52000 46.5046
52050 46.623
52100 46.73
52150 46.7982
52200 46.8451
52250 46.8872
52300 46.8357
52350 46.7206
52400 46.7068
52450 46.728
52500 46.749
52550 46.7697
52600 46.7365
52650 46.7055
52700 46.7382
52750 46.8423
52800 46.9508
52850 46.9868
52900 47.0551
52950 47.2072
53000 47.2866
53050 47.4627
53100 47.5667
53150 47.6632
53200 47.7266
53250 47.7934
53300 47.8546
53350 47.886
53400 47.8799
53450 47.9048
53500 47.9409
53550 47.9095
53600 47.9368
53650 47.9189
53700 47.9232
53750 47.8826
53800 47.8166
53850 47.7542
53900 47.7243
53950 47.7078
54000 47.6831
54050 47.6895
54100 47.6867
54150 47.6317
54200 47.6199
54250 47.5144
54300 47.4274
54350 47.3955
54400 47.4067
54450 47.3507
54500 47.3946
54550 47.3785
54600 47.3756
54650 47.3954
54700 47.3835
54750 47.3677
54800 47.3029
54850 47.1465
54900 47.0502
54950 46.8538
55000 46.6911
55050 46.5892
55100 46.4989
55150 46.3674
55200 46.2506
55250 46.2873
55300 46.2777
55350 46.4327
55400 46.6075
55450 46.6478
55500 46.7123
55550 46.8019
55600 46.9128
55650 47.0125
55700 47.1283
55750 47.1664
55800 47.1787
55850 47.195
55900 47.2768
55950 47.2622
56000 47.3807
56050 47.4199
56100 47.3641
56150 47.3799
56200 47.3551
56250 47.3592
56300 47.3415
56350 47.425
56400 47.5048
56450 47.4716
56500 47.4671
56550 47.5579
56600 47.6492
56650 47.691
56700 47.8002
56750 47.927
56800 48.0851
56850 48.1293
56900 48.0852
56950 47.9815
57000 47.9445
57050 47.9544
57100 47.9588
57150 48.0196
57200 48.0987
57250 48.2284
57300 48.5096
57350 48.6382
57400 48.7058
57450 48.7144
57500 48.578
57550 48.5189
57600 48.5068
57650 48.5987
57700 48.6521
57750 48.643
57800 48.6336
57850 48.6868
57900 48.6506
57950 48.5784
58000 48.4968
58050 48.5257
58100 48.5643
58150 48.5925
58200 48.5067
58250 48.4238
58300 48.4374
58350 48.479
58400 48.4956
58450 48.4877
58500 48.5015
58550 48.5671
58600 48.6293
58650 48.6745
58700 48.7162
58750 48.7428
58800 48.8063
58850 48.8456
58900 48.8501
58950 48.8641
59000 48.7765
59050 48.7803
59100 48.8657
59150 48.9235
59200 48.8743
59250 48.8982
59300 48.906
59350 48.9307
59400 48.8964
59450 48.9482
59500 48.999
59550 48.9885
59600 48.9907
59650 48.9546
59700 48.9951
59750 49.0469
59800 49.1193
59850 49.17
59900 49.1914
59950 49.2205
60000 49.3597
60050 49.5485
60100 49.598
60150 49.6171
60200 49.6296
60250 49.6854
60300 49.677
60350 49.6454
60400 49.6681
60450 49.6964
60500 49.5985
60550 49.449
60600 49.3174
60650 49.2004
60700 49.1153
60750 49.0349
60800 48.9694
60850 48.9958
60900 49.0351
60950 49.1189
61000 49.0991
61050 49.1419
61100 49.1067
61150 49.0942
61200 48.996
61250 48.99
61300 48.9797
61350 49.0015
61400 49.0265
61450 49.0967
61500 49.1401
61550 49.1146
61600 49.1115
61650 49.1136
61700 49.1999
61750 49.2059
61800 49.1962
61850 49.2659
61900 49.2724
61950 49.3381
62000 49.5595
62050 49.6708
62100 49.7468
62150 49.9576
62200 50.1647
62250 50.3073
62300 50.3912
62350 50.399
62400 50.4272
62450 50.4517
62500 50.424
62550 50.4226
62600 50.4004
62650 50.4607
62700 50.5302
62750 50.6463
62800 50.6895
62850 50.7488
62900 50.8768
62950 50.8975
63000 50.877
63050 50.8992
63100 50.8798
63150 50.8177
63200 50.8753
63250 50.9116
63300 50.9353
63350 51.0077
63400 51.0607
63450 51.1663
63500 51.2447
63550 51.2561
63600 51.3225
63650 51.4131
63700 51.5065
63750 51.4496
63800 51.4145
63850 51.4326
63900 51.4243
63950 51.4697
64000 51.4392
64050 51.4901
64100 51.4835
64150 51.4874
64200 51.45
64250 51.3734
64300 51.2856
64350 51.2934
64400 51.2587
64450 51.329
64500 51.3658
64550 51.4413
64600 51.5017
64650 51.4543
64700 51.4838
64750 51.5311
64800 51.6135
64850 51.6514
64900 51.6728
64950 51.6668
65000 51.7166
65050 51.7571
65100 51.7636
65150 51.8186
65200 51.8877
65250 51.8968
65300 51.8884
65350 51.817
65400 51.8735
65450 51.9405
65500 52.0882
65550 52.2616
65600 52.3956
65650 52.5067
65700 52.5976
65750 52.6521
65800 52.7245
65850 52.7204
65900 52.6556
65950 52.5787
66000 52.5352
66050 52.5861
66100 52.5471
66150 52.5663
66200 52.5947
66250 52.651
66300 52.689
66350 52.654
66400 52.6266
66450 52.7062
66500 52.8093
66550 52.89
66600 52.9999
66650 53.1061
66700 53.1254
66750 53.1667
66800 53.1863
66850 53.2342
66900 53.3773
66950 53.3238
67000 53.2304
67050 53.1969
67100 53.1337
67150 53.1419
67200 53.2397
67250 53.2742
67300 53.2876
67350 53.2765
67400 53.2895
67450 53.3795
67500 53.4839
67550 53.5083
67600 53.6066
67650 53.5523
67700 53.563
67750 53.6441
67800 53.7005
67850 53.8293
67900 53.8182
67950 53.8256
68000 53.9153
68050 54.0335
68100 54.234
68150 54.4476
68200 54.5193
68250 54.5523
68300 54.6003
68350 54.641
68400 54.6956
68450 54.8223
68500 54.8827
68550 54.9359
68600 55.0327
68650 55.1935
68700 55.2493
68750 55.3672
68800 55.4682
68850 55.5836
68900 55.702
68950 55.7775
69000 55.8884
69050 56.0524
69100 56.0929
69150 56.0564
69200 56.0632
69250 56.1093
69300 56.2746
69350 56.4545
69400 56.5668
69450 56.6211
69500 56.6489
69550 56.6727
69600 56.6898
69650 56.7737
69700 56.9339
69750 57.0013
69800 57.0817
69850 57.2183
69900 57.2993
69950 57.3865
70000 57.5109
70050 57.5091
70100 57.5284
70150 57.5418
70200 57.6182
70250 57.6229
70300 57.5929
70350 57.575
70400 57.6481
70450 57.706
70500 57.6423
70550 57.6344
70600 57.5561
70650 57.6931
70700 57.9141
70750 58.1154
70800 58.2059
70850 58.3246
70900 58.5056
70950 58.6979
71000 58.9263
71050 59.1137
71100 59.308
71150 59.5089
71200 59.6799
71250 59.8475
71300 59.9671
71350 60.0221
71400 60.15
71450 60.2965
71500 60.3317
71550 60.2864
71600 60.319
71650 60.3351
71700 60.2495
71750 60.0772
71800 59.9345
71850 59.8825
71900 59.8601
71950 59.8019
72000 59.7216
72050 59.5421
72100 59.3539
72150 59.1937
72200 59.1531
72250 59.1197
72300 59.0363
72350 59.0203
72400 59.0175
72450 59.1067
72500 59.1771
72550 59.2115
72600 59.2135
72650 59.2185
72700 59.1765
72750 59.0941
72800 59.0697
72850 59.1133
72900 59.1288
72950 59.0836
73000 58.9502
73050 58.8991
73100 58.8362
73150 58.7714
73200 58.7077
73250 58.6446
73300 58.6445
73350 58.761
73400 58.8004
73450 58.8083
73500 58.7418
73550 58.6753
73600 58.6363
73650 58.5288
73700 58.3121
73750 58.1697
73800 58.0865
73850 58.0228
73900 58.0332
73950 58.1452
74000 58.1799
74050 58.2551
74100 58.2953
74150 58.401
74200 58.4214
74250 58.5074
74300 58.5756
74350 58.6394
74400 58.6853
74450 58.7393
74500 58.8119
74550 58.7488
74600 58.7344
74650 58.8053
74700 58.9017
74750 58.901
74800 58.9542
74850 59.0878
74900 59.1401
74950 59.2271
75000 59.2629
75050 59.2911
75100 59.3297
75150 59.3387
75200 59.3692
75250 59.3665
75300 59.3753
75350 59.3996
75400 59.5277
75450 59.6493
75500 59.7806
75550 59.9105
75600 60.111
75650 60.3018
75700 60.4042
75750 60.4469
75800 60.415
75850 60.3931
75900 60.33
75950 60.354
76000 60.457
76050 60.6155
76100 60.7994
76150 60.9063
76200 60.8136
76250 60.7736
76300 60.7323
76350 60.8013
76400 60.9054
76450 61.0542
76500 61.1942
76550 61.3701
76600 61.4884
76650 61.5063
76700 61.5523
76750 61.5096
76800 61.5805
76850 61.691
76900 61.7318
76950 61.707
77000 61.6493
77050 61.6293
77100 61.586
77150 61.5554
77200 61.589
77250 61.6281
77300 61.5486
77350 61.4556
77400 61.4292
77450 61.4497
77500 61.4582
77550 61.4501
77600 61.4465
77650 61.4101
77700 61.377
77750 61.3679
77800 61.2681
77850 61.1667
77900 61.1171
77950 61.0903
78000 61.0517
78050 60.9695
78100 60.9183
78150 60.8703
78200 60.817
78250 60.7921
78300 60.7697
78350 60.7817
78400 60.8394
78450 60.9256
78500 61.1103
78550 61.1739
78600 61.2221
78650 61.219
78700 61.2522
78750 61.2343
78800 61.1642
78850 61.11
78900 61.1326
78950 61.2569
79000 61.2784
79050 61.3458
79100 61.4089
79150 61.374
79200 61.3213
79250 61.2942
79300 61.3583
79350 61.4123
79400 61.4661
79450 61.64
79500 61.8773
79550 61.9521
79600 62.0427
79650 62.11
79700 62.0929
79750 62.0788
79800 62.1159
79850 62.1929
79900 62.2726
79950 62.3903
80000 62.5352
80050 62.6319
80100 62.6648
80150 62.7696
80200 62.8279
80250 62.9789
80300 63.1037
80350 63.1735
80400 63.3464
80450 63.4063
80500 63.493
80550 63.5822
80600 63.5638
80650 63.5585
80700 63.6313
80750 63.7248
80800 63.7455
80850 63.806
80900 63.8598
80950 63.9057
81000 63.9234
81050 63.9583
81100 63.8761
81150 63.7469
81200 63.6951
81250 63.5724
81300 63.3838
81350 63.3344
81400 63.2654
81450 63.2187
81500 63.1268
81550 63.0524
81600 63.0588
81650 62.9989
81700 62.8476
81750 62.7344
81800 62.7408
81850 62.7075
81900 62.5097
81950 62.4859
82000 62.4482
82050 62.417
82100 62.3761
82150 62.3151
82200 62.278
82250 62.2465
82300 62.1908
82350 62.2174
82400 62.139
82450 62.1176
82500 62.0428
82550 62.0108
82600 61.8784
82650 61.7716
82700 61.7771
82750 61.6783
82800 61.4798
82850 61.2873
82900 61.2296
82950 61.1935
83000 61.2715
83050 61.2629
83100 61.2372
83150 61.083
83200 60.9684
83250 60.9933
83300 61.0758
83350 61.2211
83400 61.3053
83450 61.3401
83500 61.2316
83550 61.1877
83600 61.1768
83650 61.2135
83700 61.2581
83750 61.3073
83800 61.3919
83850 61.4971
83900 61.6167
83950 61.7977
84000 62.0299
84050 62.2222
84100 62.3555
84150 62.3816
84200 62.5746
84250 62.7439
84300 62.8523
84350 62.9463
84400 62.9818
84450 62.9645
84500 63.001
84550 62.9864
84600 63.0575
84650 63.2354
84700 63.5668
84750 63.6214
84800 63.6378
84850 63.681
84900 63.7788
84950 63.8863
85000 64.0108
85050 64.1619
85100 64.2729
85150 64.3566
85200 64.5047
85250 64.6078
85300 64.6719
85350 64.7266
85400 64.7302
85450 64.7647
85500 64.8083
85550 64.7943
85600 64.81
85650 64.8008
85700 64.8346
85750 64.9581
85800 65.0697
85850 65.1265
85900 65.1451
85950 65.1757
86000 65.2861
86050 65.531
86100 65.6612
86150 65.7449
86200 65.8417
86250 65.8648
86300 65.81
86350 65.7485
86400 65.649
86450 65.4852
86500 65.4415
86550 65.4258
86600 65.4657
86650 65.392
86700 65.2629
86750 65.2177
86800 65.1212
86850 65.0739
86900 65.0758
86950 65.0326
87000 64.903
87050 64.9296
87100 65.0247
87150 65.0777
87200 65.1678
87250 65.1746
87300 65.2279
87350 65.4676
87400 65.6825
87450 65.7193
87500 65.7279
87550 65.8174
87600 65.8463
87650 65.8591
87700 65.7474
87750 65.7342
87800 65.8638
87850 66.0748
87900 66.2084
87950 66.2843
88000 66.2621
88050 66.189
88100 66.095
88150 66.0729
88200 66.1032
88250 66.0734
88300 66.1017
88350 66.1204
88400 66.0633
88450 66.0313
88500 66.0694
88550 66.1214
88600 66.2512
88650 66.3273
88700 66.2319
88750 66.1103
88800 66.1755
88850 66.1895
88900 66.1468
88950 66.1314
89000 66.1629
89050 66.222
89100 66.3722
89150 66.4221
89200 66.444
89250 66.3683
89300 66.3026
89350 66.3835
89400 66.4426
89450 66.3895
89500 66.3087
89550 66.3417
89600 66.4536
89650 66.5504
89700 66.746
89750 66.9416
89800 67.1494
89850 67.353
89900 67.5245
89950 67.5901
90000 67.5755
90050 67.5946
90100 67.5987
90150 67.5477
90200 67.5355
90250 67.5049
90300 67.4088
90350 67.2339
90400 67.0214
90450 66.8246
90500 66.7779
90550 66.7131
90600 66.659
90650 66.6607
90700 66.6284
90750 66.6825
90800 66.7816
90850 66.8237
90900 66.8786
90950 66.8441
91000 66.7971
91050 66.8614
91100 66.9069
91150 66.7828
91200 66.7532
91250 66.7132
91300 66.6514
91350 66.5971
91400 66.6463
91450 66.7645
91500 67.045
91550 67.3218
91600 67.5567
91650 67.5961
91700 67.6756
91750 67.8227
91800 67.8759
91850 67.9455
91900 68.0816
91950 68.2611
92000 68.2916
92050 68.2547
92100 68.2796
92150 68.4683
92200 68.5899
92250 68.6274
92300 68.6976
92350 68.6531
92400 68.6049
92450 68.4368
92500 68.3377
92550 68.409
92600 68.3799
92650 68.4119
92700 68.478
92750 68.5858
92800 68.5577
92850 68.4405
92900 68.3182
92950 68.2718
93000 68.1928
93050 68.0555
93100 68.0354
93150 68.2138
93200 68.3238
93250 68.3711
93300 68.4538
93350 68.5442
93400 68.6386
93450 68.7753
93500 68.8355
93550 68.7948
93600 68.7658
93650 68.7476
93700 68.6959
93750 68.686
93800 68.7868
93850 68.9303
93900 68.9752
93950 69.0242
94000 69.0928
94050 69.2809
94100 69.4033
94150 69.3554
94200 69.3563
94250 69.4225
94300 69.4945
94350 69.6309
94400 69.5881
94450 69.5376
94500 69.4879
94550 69.4017
94600 69.3925
94650 69.3655
94700 69.4163
94750 69.4824
94800 69.7066
94850 69.885
94900 69.975
94950 70.1576
95000 70.3358
95050 70.4262
95100 70.4098
95150 70.4067
95200 70.4031
95250 70.3904
95300 70.4489
95350 70.4902
95400 70.5417
95450 70.5828
95500 70.6405
95550 70.6489
95600 70.6765
95650 70.7368
95700 70.7579
95750 70.7713
95800 70.7142
95850 70.6984
95900 70.7065
95950 70.7672
96000 70.799
96050 70.7995
96100 70.893
96150 70.9438
96200 70.9988
96250 70.9847
96300 70.9124
96350 70.9214
96400 70.8949
96450 70.8281
96500 70.7752
96550 70.7467
96600 70.6618
96650 70.5874
96700 70.6177
96750 70.6231
96800 70.7324
96850 70.8864
96900 71.0177
96950 70.9618
97000 70.9633
97050 71.0305
97100 71.1887
97150 71.3257
97200 71.3918
97250 71.3725
97300 71.3869
97350 71.4082
97400 71.3497
97450 71.2793
97500 71.2983
97550 71.2255
97600 71.1646
97650 71.1817
97700 71.1745
97750 71.3423
97800 71.4333
97850 71.4573
97900 71.43
97950 71.4514
98000 71.4925
98050 71.4478
98100 71.3904
98150 71.3203
98200 71.3606
98250 71.4326
98300 71.434
98350 71.3933
98400 71.4368
98450 71.4663
98500 71.4135
98550 71.4426
98600 71.5067
98650 71.5495
98700 71.6491
98750 71.6861
98800 71.8445
98850 71.9872
98900 72.1787
98950 72.1989
99000 72.258
99050 72.3981
99100 72.5532
99150 72.6968
99200 72.7566
99250 72.9047
99300 72.9701
99350 73.1172
99400 73.3204
99450 73.4274
99500 73.5725
99550 73.7733
99600 73.8205
99650 73.8445
99700 73.8733
99750 73.9418
99800 73.8599
99850 73.8312
99900 73.8218
99950 73.7394
100000 73.7082
