# Time-averaged data for fix msd_avg_all
# TimeStep c_msd_all[4]
0 0
50 0.183565
100 0.480483
150 0.758602
200 1.01472
250 1.24043
300 1.4447
350 1.64217
400 1.83029
450 2.01359
500 2.1962
550 2.36984
600 2.54752
650 2.71066
700 2.87302
750 3.01853
800 3.16219
850 3.27919
900 3.38051
950 3.48996
1000 3.62585
1050 3.76254
1100 3.9036
1150 4.0492
1200 4.18386
1250 4.31217
1300 4.44429
1350 4.56037
1400 4.68959
1450 4.82746
1500 5.01788
1550 5.1831
1600 5.34479
1650 5.50122
1700 5.66457
1750 5.80525
1800 5.96642
1850 6.11491
1900 6.24659
1950 6.37392
2000 6.4663
2050 6.55545
2100 6.65331
2150 6.76124
2200 6.91703
2250 7.05317
2300 7.13475
2350 7.19272
2400 7.25244
2450 7.29474
2500 7.3385
2550 7.41874
2600 7.49789
2650 7.54485
2700 7.63646
2750 7.68471
2800 7.76808
2850 7.87201
2900 7.95893
2950 8.04927
3000 8.08624
3050 8.16788
3100 8.24048
3150 8.29907
3200 8.35129
3250 8.40079
3300 8.4456
3350 8.50795
3400 8.55645
3450 8.66838
3500 8.77918
3550 8.84938
3600 8.92307
3650 8.97917
3700 9.00914
3750 9.03586
3800 9.08739
3850 9.16651
3900 9.26394
3950 9.34527
4000 9.41912
4050 9.49873
4100 9.55268
4150 9.62636
4200 9.70561
4250 9.80834
4300 9.94024
4350 10.0715
4400 10.2142
4450 10.325
4500 10.4175
4550 10.4646
4600 10.5372
4650 10.613
4700 10.6772
4750 10.7674
4800 10.7988
4850 10.8325
4900 10.885
4950 10.9212
5000 10.8803
5050 10.8433
5100 10.8578
5150 10.9085
5200 10.9714
5250 11.0065
5300 11.033
5350 11.0537
5400 11.0672
5450 11.1365
5500 11.1995
5550 11.2074
5600 11.2439
5650 11.3232
5700 11.3454
5750 11.3601
5800 11.4128
5850 11.4824
5900 11.5079
5950 11.5145
6000 11.5778
6050 11.6525
6100 11.6438
6150 11.6621
6200 11.6167
6250 11.6031
6300 11.6036
6350 11.5953
6400 11.6351
6450 11.7411
6500 11.8575
6550 11.9776
6600 12.0988
6650 12.1868
6700 12.2516
6750 12.3772
6800 12.4827
6850 12.5731
6900 12.6678
6950 12.7361
7000 12.8277
7050 12.8937
7100 12.9774
7150 13.1091
7200 13.2045
7250 13.2576
7300 13.3476
7350 13.4738
7400 13.5436
7450 13.6037
7500 13.7015
7550 13.8184
7600 13.9113
7650 13.9932
7700 14.0535
7750 14.083
7800 14.1073
7850 14.1347
7900 14.2087
7950 14.3016
8000 14.4252
8050 14.5652
8100 14.657
8150 14.7323
8200 14.8051
8250 14.8589
8300 14.9527
8350 14.9957
8400 15.0462
8450 15.1166
8500 15.2576
8550 15.422
8600 15.5858
8650 15.741
8700 15.8915
8750 16.0428
8800 16.1126
8850 16.1863
8900 16.2803
8950 16.3115
9000 16.3851
9050 16.4354
9100 16.443
9150 16.5158
9200 16.5686
9250 16.6248
9300 16.7003
9350 16.8007
9400 16.85
9450 16.9373
9500 16.9844
9550 17.0235
9600 17.0105
9650 17.0525
9700 17.1334
9750 17.0962
9800 17.0345
9850 17.0143
9900 16.986
9950 16.9746
10000 17.0024
10050 17.0682
10100 17.1259
10150 17.1507
10200 17.1864
10250 17.2334
10300 17.3044
10350 17.3642
10400 17.4046
10450 17.3895
10500 17.4069
10550 17.3911
10600 17.3045
10650 17.2857
10700 17.342
10750 17.4329
10800 17.5676
10850 17.6953
10900 17.7416
10950 17.7605
11000 17.8027
11050 17.8181
11100 17.8186
11150 17.8394
11200 17.8127
11250 17.8011
11300 17.8214
11350 17.9071
11400 18.0145
11450 18.1387
11500 18.2786
11550 18.415
11600 18.5538
11650 18.6246
11700 18.7239
11750 18.8226
11800 18.96
11850 19.0647
11900 19.1714
11950 19.242
12000 19.2956
12050 19.3503
12100 19.4391
12150 19.4877
12200 19.5367
12250 19.561
12300 19.625
12350 19.6832
12400 19.7484
12450 19.875
12500 20.0203
12550 20.1256
12600 20.2021
12650 20.3072
12700 20.3676
12750 20.4067
12800 20.4495
12850 20.5027
12900 20.5711
12950 20.6335
13000 20.6761
13050 20.7397
13100 20.8106
13150 20.851
13200 20.8384
13250 20.8309
13300 20.8653
13350 20.9581
13400 21.0351
13450 21.0651
13500 21.1284
13550 21.1232
13600 21.0806
13650 21.0643
13700 20.967
13750 20.8884
13800 20.8394
13850 20.8197
13900 20.8746
13950 20.9132
14000 20.9405
14050 20.9269
14100 20.9046
14150 21.0078
14200 21.098
14250 21.124
14300 21.1637
14350 21.1859
14400 21.1972
14450 21.2053
14500 21.1764
14550 21.1363
14600 21.1474
14650 21.1886
14700 21.2408
14750 21.2804
14800 21.324
14850 21.3588
14900 21.3385
14950 21.2862
15000 21.3126
15050 21.3497
15100 21.4567
15150 21.537
15200 21.6513
15250 21.7962
15300 21.9086
15350 21.984
15400 22.021
15450 21.9929
15500 21.9822
15550 22.0563
15600 22.1205
15650 22.2112
15700 22.2977
15750 22.3631
15800 22.4326
15850 22.4647
15900 22.4685
15950 22.4734
16000 22.4555
16050 22.4042
16100 22.3717
16150 22.2923
16200 22.2934
16250 22.2929
16300 22.2572
16350 22.2857
16400 22.3682
16450 22.3858
16500 22.4305
16550 22.4766
16600 22.5097
16650 22.5346
16700 22.5498
16750 22.5698
16800 22.6498
16850 22.7737
16900 22.8711
16950 22.955
17000 23.0045
17050 23.0184
17100 23.0077
17150 23.0934
17200 23.1961
17250 23.3009
17300 23.3793
17350 23.4342
17400 23.5139
17450 23.6026
17500 23.6644
17550 23.7366
17600 23.823
17650 23.927
17700 24.0939
17750 24.1681
17800 24.2784
17850 24.3701
17900 24.477
17950 24.5004
18000 24.5007
18050 24.5397
18100 24.5432
18150 24.5669
18200 24.6428
18250 24.7741
18300 24.777
18350 24.7536
18400 24.7868
18450 24.7562
18500 24.7309
18550 24.7906
18600 24.7592
18650 24.7089
18700 24.6948
18750 24.6225
18800 24.605
18850 24.6357
18900 24.6747
18950 24.7441
19000 24.7224
19050 24.7031
19100 24.6955
19150 24.6941
19200 24.6269
19250 24.5961
19300 24.6223
19350 24.6041
19400 24.6342
19450 24.614
19500 24.6909
19550 24.7552
19600 24.8374
19650 24.9555
19700 25.1521
19750 25.3036
19800 25.4047
19850 25.5438
19900 25.6298
19950 25.6863
20000 25.7488
20050 25.7961
20100 25.8306
20150 25.8702
20200 25.842
20250 25.8699
20300 25.8465
20350 25.7782
20400 25.7125
20450 25.7031
20500 25.6965
20550 25.6871
20600 25.6886
20650 25.712
20700 25.8626
20750 26.0402
20800 26.1845
20850 26.3349
20900 26.4483
20950 26.6307
21000 26.7313
21050 26.7943
21100 26.8254
21150 26.8789
21200 26.9207
21250 27.0054
21300 27.1469
21350 27.3092
21400 27.5131
21450 27.665
21500 27.7578
21550 27.8663
21600 27.9936
21650 28.0916
21700 28.2364
21750 28.2857
21800 28.3103
21850 28.3293
21900 28.3357
21950 28.395
22000 28.4514
22050 28.4819
22100 28.5229
22150 28.5971
22200 28.5728
22250 28.6037
22300 28.5961
22350 28.5521
22400 28.6246
22450 28.6593
22500 28.605
22550 28.51
22600 28.524
22650 28.5568
22700 28.6339
22750 28.7343
22800 28.7859
22850 28.7569
22900 28.7599
22950 28.7814
23000 28.8167
23050 28.8332
23100 28.7618
23150 28.7306
23200 28.7838
23250 28.8495
23300 28.849
23350 28.8501
23400 28.847
23450 28.8635
23500 28.8612
23550 28.939
23600 29.0739
23650 29.2224
23700 29.3556
23750 29.4033
23800 29.5052
23850 29.5426
23900 29.5724
23950 29.6202
24000 29.608
24050 29.5628
24100 29.5675
24150 29.5484
24200 29.5013
24250 29.4958
24300 29.5236
24350 29.5714
24400 29.5584
24450 29.5509
24500 29.6322
24550 29.6759
24600 29.7636
24650 29.8674
24700 30.1093
24750 30.3837
24800 30.5611
24850 30.7075
24900 30.7546
24950 30.8444
25000 30.8608
25050 30.8862
25100 30.9169
25150 30.834
25200 30.8889
25250 30.9347
25300 30.9987
25350 31.0893
25400 31.1468
25450 31.1347
25500 31.1678
25550 31.232
25600 31.2558
25650 31.3093
25700 31.3015
25750 31.2911
25800 31.2842
25850 31.2282
25900 31.2373
25950 31.2688
26000 31.3265
26050 31.3506
26100 31.3016
26150 31.2196
26200 31.2076
26250 31.2168
26300 31.1731
26350 31.1064
26400 30.9773
26450 30.9683
26500 30.9204
26550 30.8594
26600 30.8781
26650 30.8635
26700 30.8269
26750 30.7593
26800 30.6887
26850 30.6857
26900 30.7328
26950 30.8147
27000 30.8935
27050 30.9747
27100 31.1096
27150 31.2688
27200 31.3427
27250 31.3335
27300 31.2919
27350 31.2665
27400 31.2307
27450 31.2423
27500 31.2275
27550 31.2573
27600 31.303
27650 31.3205
27700 31.3215
27750 31.3742
27800 31.3505
27850 31.3536
27900 31.3686
27950 31.3946
28000 31.418
28050 31.394
28100 31.4008
28150 31.449
28200 31.4986
28250 31.5764
28300 31.6998
28350 31.7461
28400 31.7739
28450 31.8167
28500 31.8631
28550 31.8596
28600 31.8294
28650 31.753
28700 31.7519
28750 31.7747
28800 31.7767
28850 31.8735
28900 32.0104
28950 32.0485
29000 32.0597
29050 32.0725
29100 32.0897
29150 32.1946
29200 32.3229
29250 32.4404
29300 32.4844
29350 32.5376
29400 32.5337
29450 32.556
29500 32.6091
29550 32.625
29600 32.7252
29650 32.7977
29700 32.8294
29750 32.8352
29800 32.838
29850 32.8027
29900 32.7341
29950 32.7058
30000 32.6398
30050 32.6631
30100 32.7622
30150 32.8204
30200 32.8345
30250 32.8614
30300 32.9576
30350 33.0532
30400 33.1127
30450 33.2116
30500 33.2674
30550 33.2387
30600 33.2301
30650 33.2587
30700 33.3052
30750 33.3053
30800 33.2965
30850 33.2967
30900 33.4205
30950 33.4308
31000 33.4456
31050 33.503
31100 33.5803
31150 33.6715
31200 33.8209
31250 33.9016
31300 33.9731
31350 33.9576
31400 34.0038
31450 34.0978
31500 34.1018
31550 34.113
31600 34.0931
31650 34.0246
31700 34.002
31750 34.034
31800 34.1825
31850 34.3201
31900 34.3495
31950 34.5297
32000 34.6366
32050 34.7597
32100 34.8959
32150 35.025
32200 35.0275
32250 35.1312
32300 35.2584
32350 35.4498
32400 35.6316
32450 35.7807
32500 35.9164
32550 36.0149
32600 36.2451
32650 36.4304
32700 36.6485
32750 36.8118
32800 36.9567
32850 36.9941
32900 37.0121
32950 37.1094
33000 37.2075
33050 37.3421
33100 37.4254
33150 37.446
33200 37.4322
33250 37.4168
33300 37.4139
33350 37.4508
33400 37.3898
33450 37.3503
33500 37.3029
33550 37.2669
33600 37.2699
33650 37.2933
33700 37.3018
33750 37.365
33800 37.4694
33850 37.4997
33900 37.5473
33950 37.5649
34000 37.6126
34050 37.6531
34100 37.6074
34150 37.6373
34200 37.5995
34250 37.6446
34300 37.681
34350 37.7542
34400 37.8644
34450 38.0067
34500 38.1045
34550 38.1325
34600 38.255
34650 38.3967
34700 38.5586
34750 38.6663
34800 38.7191
34850 38.7391
34900 38.7781
34950 38.8241
35000 38.7357
35050 38.6838
35100 38.6359
35150 38.4844
35200 38.3781
35250 38.2624
35300 38.154
35350 38.033
35400 38.0364
35450 38.1665
35500 38.2344
35550 38.2586
35600 38.2426
35650 38.1598
35700 38.0547
35750 37.955
35800 37.9215
35850 37.7853
35900 37.8279
35950 37.9349
36000 37.9761
36050 38.008
36100 38.0681
36150 38.0583
36200 38.1458
36250 38.1749
36300 38.2142
36350 38.2155
36400 38.2194
36450 38.2665
36500 38.3617
36550 38.3869
36600 38.4195
36650 38.4707
36700 38.5991
36750 38.6911
36800 38.8079
36850 38.9158
36900 38.9769
36950 39.0499
37000 39.0821
37050 39.1195
37100 39.1669
37150 39.2386
37200 39.2186
37250 39.166
37300 39.0941
37350 39.0746
37400 39.0216
37450 38.9219
37500 38.8181
37550 38.7765
37600 38.7407
37650 38.7744
37700 38.8865
37750 38.9105
37800 38.9852
37850 39.0719
37900 39.1458
37950 39.2043
38000 39.2096
38050 39.242
38100 39.2285
38150 39.2078
38200 39.1429
38250 39.0854
38300 39.0421
38350 39.1117
38400 39.1435
38450 39.0819
38500 39.0677
38550 39.0042
38600 38.996
38650 38.9647
38700 38.9661
38750 39.0577
38800 39.103
38850 39.1096
38900 39.1286
38950 39.0604
39000 39.0374
39050 39.0019
39100 39.0155
39150 39.0794
39200 39.1997
39250 39.2385
39300 39.2853
39350 39.3
39400 39.2891
39450 39.3006
39500 39.2824
39550 39.1793
39600 39.157
39650 39.2075
39700 39.2177
39750 39.1753
39800 39.1244
39850 39.1637
39900 39.2297
39950 39.2193
40000 39.1009
40050 39.0552
40100 39.0496
40150 39.0092
40200 38.9443
40250 38.8434
40300 38.7782
40350 38.7333
40400 38.7454
40450 38.7699
40500 38.7795
40550 38.8641
40600 38.9674
40650 39.0313
40700 39.1317
40750 39.1947
40800 39.2553
40850 39.3799
40900 39.4738
40950 39.558
41000 39.6535
41050 39.7076
41100 39.7308
41150 39.7804
41200 39.8395
41250 39.9187
41300 39.8425
41350 39.7563
41400 39.6648
41450 39.6688
41500 39.6497
41550 39.6296
41600 39.6282
41650 39.6676
41700 39.777
41750 39.8799
41800 39.9549
41850 40.022
41900 40.0569
41950 40.0838
42000 40.1673
42050 40.1689
42100 40.1798
42150 40.2924
42200 40.4486
42250 40.591
42300 40.6376
42350 40.5834
42400 40.4795
42450 40.472
42500 40.4008
42550 40.3604
42600 40.437
42650 40.5512
42700 40.5576
42750 40.5598
42800 40.5539
42850 40.5526
42900 40.5513
42950 40.5682
43000 40.6587
43050 40.7004
43100 40.784
43150 40.8597
43200 40.9022
43250 40.904
43300 40.8517
43350 40.9038
43400 40.9447
43450 41.0017
43500 41.0779
43550 41.0926
43600 41.1251
43650 41.1896
43700 41.2263
43750 41.1766
43800 41.1553
43850 41.1798
43900 41.1772
43950 41.1778
44000 41.1355
44050 41.0927
44100 41.0025
44150 40.9837
44200 41.028
44250 40.9678
44300 40.8522
44350 40.8114
44400 40.8647
44450 40.911
44500 40.9049
44550 40.9543
44600 40.8322
44650 40.8002
44700 40.837
44750 40.8169
44800 40.8042
44850 40.8081
44900 40.7421
44950 40.6435
45000 40.5512
45050 40.432
45100 40.31
45150 40.1215
45200 40.0784
45250 40.0844
45300 40.0165
45350 40.0703
45400 40.0825
45450 40.0603
45500 40.1371
45550 40.2247
45600 40.3164
45650 40.4416
45700 40.5893
45750 40.8348
45800 41.0148
45850 41.037
45900 41.0888
45950 41.1106
46000 41.1618
46050 41.2513
46100 41.3158
46150 41.243
46200 41.1216
46250 41.0361
46300 40.9913
46350 41.0292
46400 41.0812
46450 41.0649
46500 40.9821
46550 41.0145
46600 41.0999
46650 41.2203
46700 41.2357
46750 41.1898
46800 41.1575
46850 41.176
46900 41.2348
46950 41.2445
47000 41.2833
47050 41.2305
47100 41.2751
47150 41.4358
47200 41.5763
47250 41.6797
47300 41.7713
47350 41.7991
47400 41.8565
47450 41.9858
47500 42.09
47550 42.18
47600 42.2767
47650 42.3028
47700 42.251
47750 42.1984
47800 42.2353
47850 42.2569
47900 42.2858
47950 42.2031
48000 42.1734
48050 42.0845
48100 41.9856
48150 41.8383
48200 41.711
48250 41.6617
48300 41.7069
48350 41.7714
48400 41.8101
48450 41.7568
48500 41.6592
48550 41.7114
48600 41.7554
48650 41.7664
48700 41.6865
48750 41.6436
48800 41.6941
48850 41.7167
48900 41.7906
48950 41.8334
49000 41.9494
49050 42.0515
49100 42.1074
49150 42.1457
49200 42.1075
49250 42.0942
49300 42.0479
49350 41.9892
49400 41.8773
49450 41.7486
49500 41.7036
49550 41.6586
49600 41.6874
49650 41.7143
49700 41.7503
49750 41.799
49800 41.7872
49850 41.7998
49900 41.7983
49950 41.767
50000 41.6307
50050 41.5373
50100 41.5132
50150 41.4241
50200 41.3759
50250 41.349
50300 41.3216
50350 41.2772
50400 41.1952
50450 41.1109
50500 41.153
50550 41.1997
50600 41.304
50650 41.4313
50700 41.5826
50750 41.636
50800 41.7329
50850 41.8734
50900 42.0181
50950 42.1202
51000 42.1717
51050 42.2226
51100 42.354
51150 42.4645
51200 42.6277
51250 42.7228
51300 42.8447
51350 42.8686
51400 42.9203
51450 42.9746
51500 43.024
51550 43.1102
51600 43.3554
51650 43.536
51700 43.7888
51750 43.9888
51800 44.1379
51850 44.3205
51900 44.441
51950 44.5707
52000 44.7229
52050 44.8507
52100 45.0335
52150 45.1669
52200 45.1479
52250 45.1221
52300 45.1407
52350 45.1255
52400 45.1373
52450 45.0615
52500 45.0796
52550 45.0932
52600 45.195
52650 45.262
52700 45.2445
52750 45.332
52800 45.45
52850 45.5274
52900 45.5369
52950 45.5153
53000 45.5722
53050 45.7174
53100 45.8414
53150 45.904
53200 45.9446
53250 45.9693
53300 46.0223
53350 45.991
53400 45.9005
53450 45.8549
53500 45.7704
53550 45.6815
53600 45.5534
53650 45.5537
53700 45.5519
53750 45.5634
53800 45.492
53850 45.6476
53900 45.8395
53950 45.9846
54000 46.1213
54050 46.2918
54100 46.4415
54150 46.57
54200 46.6649
54250 46.6922
54300 46.7132
54350 46.673
54400 46.6645
54450 46.7054
54500 46.8164
54550 46.9099
54600 47.032
54650 47.0343
54700 46.93
54750 46.9075
54800 46.8483
54850 46.7729
54900 46.8318
54950 46.9212
55000 47.0313
55050 47.1111
55100 47.1917
55150 47.1532
55200 46.9998
55250 46.9442
55300 46.9255
55350 46.9504
55400 46.9191
55450 46.8816
55500 46.8417
55550 46.8161
55600 46.8847
55650 46.9433
55700 47.014
55750 47.0753
55800 47.1552
55850 47.2487
55900 47.3276
55950 47.4182
56000 47.4182
56050 47.3783
56100 47.3411
56150 47.3876
56200 47.4934
56250 47.5709
56300 47.6903
56350 47.8206
56400 47.9676
56450 48.0436
56500 48.0113
56550 48.0945
56600 48.1601
56650 48.1494
56700 48.131
56750 48.1804
56800 48.2984
56850 48.4519
56900 48.5246
56950 48.5983
57000 48.7325
57050 48.8345
57100 48.9432
57150 49.0753
57200 49.2977
57250 49.4289
57300 49.4584
57350 49.3833
57400 49.2853
57450 49.1857
57500 49.0589
57550 48.9524
57600 48.8059
57650 48.7789
57700 48.6372
57750 48.4854
57800 48.3459
57850 48.4221
57900 48.4354
57950 48.4613
58000 48.4576
58050 48.4221
58100 48.3701
58150 48.3876
58200 48.4149
58250 48.5526
58300 48.763
58350 48.8912
58400 49.0143
58450 49.1771
58500 49.3051
58550 49.4835
58600 49.6593
58650 49.6812
58700 49.7371
58750 49.6532
58800 49.6347
58850 49.6136
58900 49.5934
58950 49.5097
59000 49.4473
59050 49.4016
59100 49.4254
59150 49.4778
59200 49.5371
59250 49.5553
59300 49.5726
59350 49.6882
59400 49.7415
59450 49.8134
59500 49.8675
59550 50.0007
59600 50.1457
59650 50.2126
59700 50.2601
59750 50.4483
59800 50.4959
59850 50.6166
59900 50.697
59950 50.6829
60000 50.6821
60050 50.7559
60100 50.8288
60150 50.8458
60200 50.9847
60250 50.9135
60300 50.9081
60350 50.9943
60400 50.969
60450 50.9928
60500 51.1036
60550 51.0969
60600 51.1349
60650 51.096
60700 51.0781
60750 51.0176
60800 51.1069
60850 51.1568
60900 51.2226
60950 51.2283
61000 51.2105
61050 51.2836
61100 51.2941
61150 51.3433
61200 51.4211
61250 51.5553
61300 51.5548
61350 51.4964
61400 51.5089
61450 51.5261
61500 51.4886
61550 51.5073
61600 51.5813
61650 51.5548
61700 51.4377
61750 51.3255
61800 51.3258
61850 51.374
61900 51.4488
61950 51.5131
62000 51.4546
62050 51.4834
62100 51.6279
62150 51.7415
62200 51.8774
62250 51.9884
62300 51.9927
62350 51.9494
62400 51.9693
62450 52.0637
62500 52.0909
62550 52.0636
62600 52.1111
62650 52.164
62700 52.3088
62750 52.5148
62800 52.587
62850 52.6648
62900 52.7038
62950 52.6898
63000 52.6577
63050 52.5727
63100 52.5732
63150 52.6551
63200 52.7411
63250 52.8801
63300 52.9653
63350 53.0578
63400 53.1668
63450 53.2543
63500 53.3095
63550 53.3728
63600 53.4058
63650 53.3142
63700 53.2101
63750 53.0994
63800 53.1135
63850 53.1667
63900 53.2479
63950 53.2892
64000 53.3324
64050 53.4458
64100 53.5851
64150 53.7481
64200 53.8456
64250 53.799
64300 53.683
64350 53.6817
64400 53.7152
64450 53.7404
64500 53.7357
64550 53.8139
64600 53.8662
64650 53.9603
64700 54.0169
64750 54.037
64800 53.9529
64850 54.0309
64900 54.146
64950 54.1964
65000 54.206
65050 54.2284
65100 54.2615
65150 54.3457
65200 54.4267
65250 54.5116
65300 54.6173
65350 54.5956
65400 54.5531
65450 54.5716
65500 54.5786
65550 54.5655
65600 54.6653
65650 54.6857
65700 54.7073
65750 54.778
65800 54.8977
65850 55.0044
65900 55.0882
65950 55.2424
66000 55.3926
66050 55.5219
66100 55.5369
66150 55.483
66200 55.5184
66250 55.6427
66300 55.733
66350 55.9211
66400 56.0453
66450 56.1815
66500 56.3225
66550 56.4596
66600 56.5148
66650 56.4482
66700 56.3817
66750 56.4117
66800 56.4284
66850 56.3863
66900 56.4703
66950 56.472
67000 56.4896
67050 56.6232
67100 56.7893
67150 56.8904
67200 56.9571
67250 56.9394
67300 56.9667
67350 57.0372
67400 57.102
67450 57.1541
67500 57.0811
67550 56.9515
67600 56.8763
67650 56.9334
67700 57.0732
67750 57.2334
67800 57.4502
67850 57.6013
67900 57.6938
67950 57.7753
68000 57.8623
68050 57.9271
68100 57.9834
68150 57.9627
68200 57.8929
68250 57.7794
68300 57.7969
68350 57.7673
68400 57.6918
68450 57.5596
68500 57.4011
68550 57.2485
68600 57.1394
68650 57.148
68700 57.1754
68750 57.2677
68800 57.4848
68850 57.7117
68900 57.7821
68950 57.8152
69000 57.7174
69050 57.6028
69100 57.5221
69150 57.4884
69200 57.429
69250 57.4151
69300 57.4158
69350 57.3723
69400 57.2933
69450 57.283
69500 57.4025
69550 57.5597
69600 57.6123
69650 57.6427
69700 57.621
69750 57.7129
69800 57.7202
69850 57.7255
69900 57.7228
69950 57.7112
70000 57.7478
70050 57.7647
70100 57.7443
70150 57.8146
70200 57.8731
70250 57.8225
70300 57.7053
70350 57.5817
70400 57.5369
70450 57.6295
70500 57.707
70550 57.7891
70600 57.7519
70650 57.8227
70700 57.8896
70750 57.9619
70800 58.0325
70850 58.0671
70900 58.1763
70950 58.3536
71000 58.5035
71050 58.6436
71100 58.7492
71150 58.7768
71200 58.8922
71250 58.933
71300 58.9545
71350 58.9396
71400 58.9537
71450 58.8056
71500 58.8171
71550 58.8054
71600 58.8267
71650 58.8394
71700 58.8432
71750 58.9234
71800 58.9043
71850 58.9036
71900 58.9038
71950 58.9173
72000 59.0373
72050 59.1495
72100 59.2536
72150 59.3314
72200 59.3764
72250 59.2762
72300 59.2693
72350 59.3798
72400 59.4897
72450 59.6088
72500 59.6202
72550 59.706
72600 59.8471
72650 59.9683
72700 60.0491
72750 60.0356
72800 60.0252
72850 59.9029
72900 59.8431
72950 59.8377
73000 59.7896
73050 59.8278
73100 59.8956
73150 59.9224
73200 59.9404
73250 60.1059
73300 60.1651
73350 60.2605
73400 60.4144
73450 60.5789
73500 60.7379
73550 60.8726
73600 61.0352
73650 61.0847
73700 61.0475
73750 61.077
73800 60.9568
73850 60.8254
73900 60.8513
73950 60.9089
74000 60.9138
74050 61.0407
74100 61.0927
74150 61.0713
74200 61.0879
74250 61.2437
74300 61.3852
74350 61.4368
74400 61.5302
74450 61.661
74500 61.7587
74550 61.9216
74600 62.1023
74650 62.2656
74700 62.3882
74750 62.4987
74800 62.5746
74850 62.6185
74900 62.5473
74950 62.5818
75000 62.7748
75050 62.8774
75100 63.0054
75150 62.9874
75200 62.9531
75250 62.8899
75300 62.9454
75350 62.9506
75400 62.9313
75450 62.9324
75500 62.9406
75550 62.9569
75600 63.0763
75650 63.1731
75700 63.1823
75750 63.2338
75800 63.2976
75850 63.3402
75900 63.3706
75950 63.3605
76000 63.3726
76050 63.4564
76100 63.643
76150 63.8743
76200 64.0036
76250 64.1687
76300 64.2893
76350 64.4319
76400 64.5234
76450 64.6595
76500 64.7772
76550 64.7998
76600 64.7739
76650 64.8288
76700 64.7835
76750 64.7436
76800 64.7156
76850 64.6199
76900 64.5649
76950 64.5307
77000 64.4075
77050 64.2892
77100 64.0743
77150 63.9698
77200 63.8468
77250 63.7997
77300 63.756
77350 63.7316
77400 63.7405
77450 63.8367
77500 63.8695
77550 63.88
77600 63.8924
77650 63.9681
77700 63.9965
77750 63.9845
77800 63.9035
77850 63.929
77900 63.9759
77950 63.9145
78000 63.8741
78050 63.7272
78100 63.6333
78150 63.5743
78200 63.6632
78250 63.7595
78300 63.8229
78350 63.8562
78400 63.9075
78450 64.0027
78500 64.0652
78550 64.007
78600 64.043
78650 64.1531
78700 64.1344
78750 64.1889
78800 64.272
78850 64.4124
78900 64.6091
78950 64.7099
79000 64.7855
79050 64.7808
79100 64.756
79150 64.7978
79200 64.8829
79250 64.8421
79300 64.8798
79350 64.8306
79400 64.7563
79450 64.7594
79500 64.7342
79550 64.6686
79600 64.5218
79650 64.479
79700 64.4213
79750 64.3657
79800 64.409
79850 64.4288
79900 64.4748
79950 64.4711
80000 64.4973
80050 64.4869
80100 64.6111
80150 64.7005
80200 64.7835
80250 64.7337
80300 64.7373
80350 64.5787
80400 64.4642
80450 64.3682
80500 64.2701
80550 64.2514
80600 64.3151
80650 64.2991
80700 64.2431
80750 64.1763
80800 64.0359
80850 63.8929
80900 63.9044
80950 63.9534
81000 63.9674
81050 64.0001
81100 64.0182
81150 64.0474
81200 64.1213
81250 64.2827
81300 64.4541
81350 64.5859
81400 64.6884
81450 64.8341
81500 64.8944
81550 64.9668
81600 65.034
81650 65.1495
81700 65.2998
81750 65.328
81800 65.3799
81850 65.4097
81900 65.49
81950 65.5096
82000 65.5012
82050 65.5557
82100 65.507
82150 65.4598
82200 65.5387
82250 65.5676
82300 65.5567
82350 65.5973
82400 65.5997
82450 65.6372
82500 65.677
82550 65.6416
82600 65.6611
82650 65.6509
82700 65.7702
82750 65.8967
82800 65.9618
82850 65.9259
82900 65.932
82950 65.9126
83000 65.8481
83050 65.9077
83100 66.046
83150 65.9666
83200 65.9802
83250 65.9298
83300 65.9842
83350 65.9634
83400 65.9262
83450 65.8563
83500 65.7456
83550 65.6676
83600 65.5097
83650 65.4503
83700 65.4363
83750 65.3673
83800 65.4209
83850 65.583
83900 65.6714
83950 65.6405
84000 65.6909
84050 65.8157
84100 65.8812
84150 65.9736
84200 66.0093
84250 66.0718
84300 66.059
84350 66.0745
84400 66.275
84450 66.495
84500 66.65
84550 66.6826
84600 66.7295
84650 66.793
84700 66.8695
84750 66.9558
84800 66.9192
84850 66.9534
84900 67.0401
84950 67.1487
85000 67.1919
85050 67.168
85100 67.1083
85150 67.0985
85200 67.0241
85250 66.9464
85300 66.9426
85350 66.9139
85400 66.8675
85450 66.8685
85500 66.7384
85550 66.6073
85600 66.6529
85650 66.735
85700 66.8261
85750 66.8627
85800 66.9101
85850 66.8436
85900 66.7102
85950 66.6477
86000 66.5436
86050 66.3883
86100 66.2001
86150 66.052
86200 65.9397
86250 66.058
86300 66.2768
86350 66.413
86400 66.5236
86450 66.6213
86500 66.6532
86550 66.566
86600 66.4926
86650 66.4872
86700 66.5837
86750 66.6552
86800 66.6942
86850 66.7584
86900 66.7323
86950 66.6881
87000 66.6912
87050 66.7857
87100 66.8425
87150 66.8375
87200 66.7997
87250 66.8532
87300 66.9197
87350 66.9305
87400 67.0264
87450 67.1735
87500 67.2454
87550 67.3234
87600 67.3214
87650 67.3234
87700 67.3633
87750 67.4006
87800 67.5453
87850 67.6452
87900 67.7507
87950 67.893
88000 68.0607
88050 68.2754
88100 68.3852
88150 68.3407
88200 68.3962
88250 68.4621
88300 68.6085
88350 68.7671
88400 68.8362
88450 68.941
88500 69.0634
88550 69.1873
88600 69.3382
88650 69.5265
88700 69.706
88750 69.7907
88800 69.871
88850 69.952
88900 70.0705
88950 70.1142
89000 70.0631
89050 70.027
89100 70.0285
89150 70.2085
89200 70.3895
89250 70.5037
89300 70.5189
89350 70.6039
89400 70.7074
89450 70.8277
89500 70.9776
89550 71.1235
89600 71.256
89650 71.1583
89700 71.1404
89750 71.0757
89800 71.1245
89850 71.0714
89900 70.9931
89950 70.9278
90000 70.9692
90050 70.9271
90100 70.9478
90150 70.949
90200 71.0069
90250 71.0678
90300 70.9846
90350 70.9364
90400 70.8831
90450 70.7904
90500 70.7239
90550 70.6336
90600 70.6148
90650 70.6048
90700 70.618
90750 70.7019
90800 70.7075
90850 70.6033
90900 70.5429
90950 70.6181
91000 70.624
91050 70.6663
91100 70.6362
91150 70.6982
91200 70.819
91250 70.7015
91300 70.6383
91350 70.6969
91400 70.9093
91450 71.1514
91500 71.3917
91550 71.5718
91600 71.6803
91650 71.7944
91700 71.8012
91750 71.7884
91800 71.7799
91850 71.6301
91900 71.5369
91950 71.3963
92000 71.3098
92050 71.3489
92100 71.3805
92150 71.5784
92200 71.6909
92250 71.6956
92300 71.6888
92350 71.7486
92400 71.8927
92450 71.9875
92500 72.0971
92550 72.1767
92600 72.2581
92650 72.2882
92700 72.3616
92750 72.4359
92800 72.5178
92850 72.6001
92900 72.6916
92950 72.7969
93000 72.9234
93050 72.9026
93100 72.8501
93150 72.8958
93200 72.9286
93250 72.9798
93300 73.028
93350 73.1046
93400 73.0609
93450 72.9565
93500 73.0681
93550 73.1897
93600 73.2399
93650 73.1137
93700 72.9402
93750 72.7466
93800 72.6528
93850 72.5703
93900 72.6121
93950 72.707
94000 72.8039
94050 72.8947
94100 72.9757
94150 73.0892
94200 73.2061
94250 73.2154
94300 73.319
94350 73.2333
94400 73.2408
94450 73.1794
94500 73.1565
94550 73.1732
94600 73.0521
94650 73.2529
94700 73.4831
94750 73.556
94800 73.6627
94850 73.8607
94900 73.9911
94950 74.0501
95000 74.1966
95050 74.4093
95100 74.397
95150 74.271
95200 74.2432
95250 74.2742
95300 74.3124
95350 74.3708
95400 74.4438
95450 74.5309
95500 74.6585
95550 74.8613
95600 75.0228
95650 75.1704
95700 75.3795
95750 75.6497
95800 75.9356
95850 76.0202
95900 76.0861
95950 76.2412
96000 76.4299
96050 76.6562
96100 76.6879
96150 76.8126
96200 76.9306
96250 76.9638
96300 76.9442
96350 76.8906
96400 76.8983
96450 76.9156
96500 76.871
96550 76.9221
96600 76.8984
96650 76.8657
96700 76.6969
96750 76.584
96800 76.5554
96850 76.3744
96900 76.2029
96950 76.2592
97000 76.3509
97050 76.3433
97100 76.2868
97150 76.277
97200 76.3579
97250 76.3971
97300 76.4042
97350 76.3906
97400 76.4381
97450 76.5384
97500 76.5054
97550 76.4515
97600 76.2645
97650 76.2272
97700 76.1762
97750 76.2336
97800 76.2356
97850 76.2015
97900 76.2027
97950 76.3464
98000 76.4217
98050 76.5894
98100 76.7081
98150 76.7047
98200 76.7271
98250 76.7631
98300 76.8479
98350 76.9066
98400 76.9285
98450 77.0455
98500 77.231
98550 77.3658
98600 77.4624
98650 77.6806
98700 77.8543
98750 77.9474
98800 77.9481
98850 77.9463
98900 78.0723
98950 78.1072
99000 78.1491
99050 78.2249
99100 78.372
99150 78.4999
99200 78.5504
99250 78.559
99300 78.5101
99350 78.5943
99400 78.5463
99450 78.3926
99500 78.2525
99550 78.101
99600 77.923
99650 77.8673
99700 77.6542
99750 77.4923
99800 77.2828
99850 77.3198
99900 77.3065
99950 77.218
100000 77.1848
