# Time-averaged data for fix rg_avg_all
# TimeStep c_rg_all
0 21.5643
100 21.5699
200 21.5649
300 21.5669
400 21.5726
500 21.5771
600 21.5829
700 21.5977
800 21.6064
900 21.6039
1000 21.6238
1100 21.6435
1200 21.6328
1300 21.6151
1400 21.6024
1500 21.5964
1600 21.5982
1700 21.6007
1800 21.5983
1900 21.5981
2000 21.6042
2100 21.5998
2200 21.5972
2300 21.6041
2400 21.6206
2500 21.6384
2600 21.6504
2700 21.6508
2800 21.6429
2900 21.6617
3000 21.6694
3100 21.6615
3200 21.6494
3300 21.6588
3400 21.6638
3500 21.6814
3600 21.6633
3700 21.6473
3800 21.6419
3900 21.6507
4000 21.664
4100 21.6508
4200 21.6399
4300 21.646
4400 21.6475
4500 21.6678
4600 21.6713
4700 21.6648
4800 21.657
4900 21.6368
5000 21.646
5100 21.6537
5200 21.6688
5300 21.684
5400 21.6787
5500 21.6735
5600 21.6606
5700 21.657
5800 21.6386
5900 21.6266
6000 21.6267
6100 21.6198
6200 21.6267
6300 21.6304
6400 21.6359
6500 21.6374
6600 21.642
6700 21.6693
6800 21.6792
6900 21.6897
7000 21.6832
7100 21.6886
7200 21.6987
7300 21.6968
7400 21.6948
7500 21.6964
7600 21.7125
7700 21.7122
7800 21.7003
7900 21.6989
8000 21.7068
8100 21.7019
8200 21.7039
8300 21.708
8400 21.7112
8500 21.7219
8600 21.7254
8700 21.7219
8800 21.7251
8900 21.7296
9000 21.738
9100 21.7357
9200 21.7321
9300 21.7398
9400 21.7536
9500 21.7549
9600 21.7518
9700 21.7533
9800 21.747
9900 21.7331
10000 21.7312
10100 21.751
10200 21.7633
10300 21.7763
10400 21.7802
10500 21.7761
10600 21.771
10700 21.7751
10800 21.7951
10900 21.8097
11000 21.8002
11100 21.8068
11200 21.8209
11300 21.8176
11400 21.8059
11500 21.7958
11600 21.8055
11700 21.8023
11800 21.8048
11900 21.8281
12000 21.844
12100 21.8697
12200 21.8788
12300 21.8939
12400 21.9073
12500 21.9285
12600 21.9461
12700 21.959
12800 21.9486
12900 21.9562
13000 21.9581
13100 21.9644
13200 21.9634
13300 21.9643
13400 21.9539
13500 21.9477
13600 21.9723
13700 21.9946
13800 22.0136
13900 22.0177
14000 22.0173
14100 22.0296
14200 22.0342
14300 22.0373
14400 22.04
14500 22.0405
14600 22.051
14700 22.0387
14800 22.0387
14900 22.0418
15000 22.0417
15100 22.0516
15200 22.0601
15300 22.065
15400 22.0734
15500 22.0803
15600 22.1115
15700 22.1285
15800 22.1534
15900 22.1788
16000 22.1828
16100 22.198
16200 22.2236
16300 22.2361
16400 22.2553
16500 22.2659
16600 22.263
16700 22.271
16800 22.2776
16900 22.2727
17000 22.2725
17100 22.2702
17200 22.2752
17300 22.2754
17400 22.2878
17500 22.2985
17600 22.2982
17700 22.295
17800 22.2891
17900 22.2884
18000 22.2869
18100 22.2855
18200 22.2775
18300 22.2825
18400 22.29
18500 22.2829
18600 22.2751
18700 22.2881
18800 22.2824
18900 22.2667
19000 22.2599
19100 22.2631
19200 22.2769
19300 22.288
19400 22.2858
19500 22.2862
19600 22.31
19700 22.3288
19800 22.3374
19900 22.334
20000 22.3333
20100 22.325
20200 22.3143
20300 22.3109
20400 22.31
20500 22.3124
20600 22.3185
20700 22.3352
20800 22.3378
20900 22.3401
21000 22.3189
21100 22.3117
21200 22.3212
21300 22.3286
21400 22.3293
21500 22.3297
21600 22.3077
21700 22.3008
21800 22.2981
21900 22.3019
22000 22.2956
22100 22.2931
22200 22.2916
22300 22.2846
22400 22.2941
22500 22.2954
22600 22.2863
22700 22.2694
22800 22.2717
22900 22.2759
23000 22.278
23100 22.2718
23200 22.2742
23300 22.28
23400 22.2813
23500 22.3006
23600 22.308
23700 22.3221
23800 22.3348
23900 22.3374
24000 22.3508
24100 22.3537
24200 22.3569
24300 22.3526
24400 22.3642
24500 22.3756
24600 22.3746
24700 22.3736
24800 22.3875
24900 22.4019
25000 22.4174
25100 22.4315
25200 22.4388
25300 22.4405
25400 22.4287
25500 22.4247
25600 22.4383
25700 22.4505
25800 22.451
25900 22.4549
26000 22.4587
26100 22.4445
26200 22.4433
26300 22.4392
26400 22.4328
26500 22.4303
26600 22.4447
26700 22.4445
26800 22.4555
26900 22.4613
27000 22.4593
27100 22.4569
27200 22.4493
27300 22.4539
27400 22.4504
27500 22.4525
27600 22.4432
27700 22.445
27800 22.4459
27900 22.4645
28000 22.4903
28100 22.5028
28200 22.5319
28300 22.5584
28400 22.5642
28500 22.5693
28600 22.5697
28700 22.5793
28800 22.5745
28900 22.5683
29000 22.5617
29100 22.5715
29200 22.5696
29300 22.5659
29400 22.5642
29500 22.5802
29600 22.5832
29700 22.5877
29800 22.5913
29900 22.6041
30000 22.6023
30100 22.6051
30200 22.6207
30300 22.6427
30400 22.6518
30500 22.6548
30600 22.6509
30700 22.6509
30800 22.6621
30900 22.6742
31000 22.6943
31100 22.6867
31200 22.6798
31300 22.6815
31400 22.6836
31500 22.6818
31600 22.6796
31700 22.6854
31800 22.7077
31900 22.7249
32000 22.7255
32100 22.7255
32200 22.7313
32300 22.7432
32400 22.748
32500 22.7622
32600 22.7735
32700 22.7763
32800 22.7779
32900 22.7761
33000 22.7587
33100 22.7546
33200 22.7591
33300 22.7556
33400 22.7398
33500 22.7145
33600 22.7085
33700 22.7123
33800 22.7112
33900 22.7041
34000 22.7146
34100 22.7308
34200 22.7296
34300 22.7316
34400 22.7537
34500 22.7691
34600 22.7762
34700 22.7867
34800 22.7984
34900 22.8014
35000 22.8147
35100 22.8302
35200 22.8247
35300 22.8166
35400 22.8154
35500 22.8159
35600 22.8288
35700 22.8592
35800 22.8808
35900 22.8836
36000 22.8667
36100 22.8635
36200 22.8684
36300 22.8674
36400 22.8756
36500 22.8784
36600 22.8855
36700 22.9062
36800 22.9014
36900 22.9099
37000 22.9176
37100 22.9181
37200 22.9134
37300 22.9205
37400 22.9229
37500 22.9218
37600 22.9234
37700 22.9299
37800 22.9411
37900 22.9512
38000 22.9484
38100 22.9439
38200 22.9524
38300 22.9584
38400 22.9515
38500 22.9512
38600 22.9568
38700 22.9632
38800 22.9659
38900 22.975
39000 22.9823
39100 22.9821
39200 22.9935
39300 22.9962
39400 23.0112
39500 23.0048
39600 22.9869
39700 22.9844
39800 22.9881
39900 23
40000 22.9926
40100 22.9809
40200 22.9788
40300 22.9873
40400 22.9959
40500 22.9954
40600 22.9969
40700 22.9869
40800 22.9827
40900 22.9831
41000 22.9905
41100 22.9855
41200 22.9853
41300 22.9858
41400 22.9812
41500 22.9778
41600 22.9705
41700 22.9623
41800 22.9569
41900 22.9458
42000 22.9367
42100 22.9261
42200 22.9261
42300 22.9363
42400 22.942
42500 22.945
42600 22.9403
42700 22.9452
42800 22.9482
42900 22.9577
43000 22.9529
43100 22.9609
43200 22.9647
43300 22.9575
43400 22.9697
43500 22.9762
43600 22.9682
43700 22.9503
43800 22.9508
43900 22.975
44000 22.9978
44100 23.0028
44200 23.0181
44300 23.0334
44400 23.0494
44500 23.0507
44600 23.0556
44700 23.0561
44800 23.0573
44900 23.0656
45000 23.0736
45100 23.0758
45200 23.0849
45300 23.0989
45400 23.0934
45500 23.0819
45600 23.0797
45700 23.0756
45800 23.0835
45900 23.0835
46000 23.0852
46100 23.0859
46200 23.0947
46300 23.092
46400 23.0703
46500 23.0756
46600 23.0816
46700 23.0732
46800 23.0696
46900 23.0654
47000 23.0739
47100 23.0583
47200 23.0521
47300 23.0547
47400 23.0563
47500 23.0574
47600 23.0565
47700 23.0437
47800 23.0506
47900 23.0396
48000 23.051
48100 23.06
48200 23.0802
48300 23.0906
48400 23.1007
48500 23.1083
48600 23.1142
48700 23.1369
48800 23.1352
48900 23.1368
49000 23.1416
49100 23.1531
49200 23.1576
49300 23.1593
49400 23.1603
49500 23.1583
49600 23.1454
49700 23.1512
49800 23.1591
49900 23.1706
50000 23.1815
50100 23.1899
50200 23.1887
50300 23.1863
50400 23.1849
50500 23.1945
50600 23.2077
50700 23.2037
50800 23.1972
50900 23.1801
51000 23.1563
51100 23.1501
51200 23.1482
51300 23.1305
51400 23.1327
51500 23.132
51600 23.1422
51700 23.1546
51800 23.1624
51900 23.1618
52000 23.1674
52100 23.1665
52200 23.1544
52300 23.1458
52400 23.1415
52500 23.1291
52600 23.1256
52700 23.1279
52800 23.1348
52900 23.1317
53000 23.13
53100 23.133
53200 23.1406
53300 23.1331
53400 23.14
53500 23.1491
53600 23.1723
53700 23.1753
53800 23.1735
53900 23.178
54000 23.1706
54100 23.1683
54200 23.1679
54300 23.1754
54400 23.179
54500 23.1745
54600 23.1591
54700 23.1567
54800 23.1509
54900 23.1606
55000 23.1585
55100 23.1574
55200 23.1585
55300 23.1688
55400 23.1566
55500 23.1584
55600 23.1637
55700 23.1745
55800 23.1868
55900 23.1979
56000 23.2069
56100 23.2225
56200 23.2272
56300 23.2189
56400 23.2234
56500 23.2329
56600 23.2346
56700 23.2292
56800 23.2206
56900 23.2169
57000 23.2045
57100 23.2086
57200 23.2024
57300 23.2041
57400 23.1934
57500 23.1932
57600 23.179
57700 23.1593
57800 23.164
57900 23.1741
58000 23.18
58100 23.1796
58200 23.1828
58300 23.1843
58400 23.1755
58500 23.1718
58600 23.1715
58700 23.1707
58800 23.1588
58900 23.1545
59000 23.1651
59100 23.1756
59200 23.1878
59300 23.1918
59400 23.2093
59500 23.2188
59600 23.2204
59700 23.2282
59800 23.2329
59900 23.2336
60000 23.2258
60100 23.2217
60200 23.2465
60300 23.2616
60400 23.2481
60500 23.2345
60600 23.2307
60700 23.23
60800 23.2194
60900 23.2217
61000 23.22
61100 23.2159
61200 23.2215
61300 23.24
61400 23.2671
61500 23.2742
61600 23.2869
61700 23.3002
61800 23.3131
61900 23.2948
62000 23.2925
62100 23.2743
62200 23.251
62300 23.24
62400 23.2468
62500 23.2562
62600 23.2611
62700 23.2653
62800 23.2667
62900 23.2706
63000 23.2609
63100 23.2589
63200 23.2751
63300 23.285
63400 23.2801
63500 23.2529
63600 23.2311
63700 23.2227
63800 23.2244
63900 23.2182
64000 23.2139
64100 23.2194
64200 23.2356
64300 23.2258
64400 23.2141
64500 23.2131
64600 23.2173
64700 23.2247
64800 23.2381
64900 23.2454
65000 23.2613
65100 23.2643
65200 23.2718
65300 23.2674
65400 23.2636
65500 23.2727
65600 23.2617
65700 23.2694
65800 23.2728
65900 23.2801
66000 23.2759
66100 23.2851
66200 23.2934
66300 23.309
66400 23.3307
66500 23.3243
66600 23.3202
66700 23.3111
66800 23.2945
66900 23.2858
67000 23.2883
67100 23.3027
67200 23.3074
67300 23.3084
67400 23.3093
67500 23.2983
67600 23.285
67700 23.289
67800 23.3016
67900 23.2957
68000 23.2877
68100 23.2878
68200 23.29
68300 23.2902
68400 23.2817
68500 23.2899
68600 23.2956
68700 23.3045
68800 23.2955
68900 23.2927
69000 23.287
69100 23.299
69200 23.304
69300 23.2986
69400 23.2881
69500 23.2978
69600 23.3164
69700 23.3181
69800 23.3211
69900 23.3205
70000 23.3448
70100 23.3592
70200 23.3504
70300 23.3752
70400 23.3935
70500 23.3984
70600 23.4074
70700 23.3957
70800 23.3862
70900 23.3817
71000 23.3816
71100 23.3911
71200 23.392
71300 23.3996
71400 23.406
71500 23.4081
71600 23.4144
71700 23.4243
71800 23.4362
71900 23.4428
72000 23.4617
72100 23.4664
72200 23.4603
72300 23.4688
72400 23.4853
72500 23.4891
72600 23.4934
72700 23.5052
72800 23.5095
72900 23.5263
73000 23.5202
73100 23.5201
73200 23.5071
73300 23.5063
73400 23.4918
73500 23.4927
73600 23.5026
73700 23.5158
73800 23.5253
73900 23.5274
74000 23.5163
74100 23.5019
74200 23.4948
74300 23.4976
74400 23.4791
74500 23.4773
74600 23.4867
74700 23.4946
74800 23.5159
74900 23.519
75000 23.4991
75100 23.4907
75200 23.4939
75300 23.4988
75400 23.5076
75500 23.5062
75600 23.4908
75700 23.4869
75800 23.4808
75900 23.4773
76000 23.4625
76100 23.4486
76200 23.4471
76300 23.4442
76400 23.4347
76500 23.43
76600 23.434
76700 23.434
76800 23.4222
76900 23.4185
77000 23.4225
77100 23.4301
77200 23.4445
77300 23.4686
77400 23.4824
77500 23.4798
77600 23.4642
77700 23.4585
77800 23.463
77900 23.4725
78000 23.481
78100 23.4906
78200 23.4918
78300 23.5061
78400 23.5104
78500 23.5162
78600 23.5169
78700 23.5286
78800 23.5472
78900 23.5547
79000 23.5715
79100 23.5584
79200 23.5506
79300 23.5521
79400 23.5576
79500 23.5639
79600 23.5641
79700 23.554
79800 23.56
79900 23.5646
80000 23.5419
80100 23.5372
80200 23.5481
80300 23.5463
80400 23.5598
80500 23.566
80600 23.5686
80700 23.5586
80800 23.5552
80900 23.5554
81000 23.5668
81100 23.5634
81200 23.5576
81300 23.5581
81400 23.5726
81500 23.5851
81600 23.5929
81700 23.609
81800 23.6222
81900 23.6365
82000 23.6564
82100 23.6964
82200 23.7169
82300 23.7228
82400 23.7274
82500 23.7176
82600 23.6959
82700 23.6973
82800 23.6999
82900 23.6933
83000 23.7058
83100 23.7041
83200 23.7116
83300 23.7216
83400 23.7205
83500 23.7046
83600 23.6949
83700 23.6971
83800 23.6925
83900 23.6908
84000 23.688
84100 23.6858
84200 23.6951
84300 23.7034
84400 23.7182
84500 23.7335
84600 23.7378
84700 23.7522
84800 23.76
84900 23.7682
85000 23.7689
85100 23.7625
85200 23.7613
85300 23.7615
85400 23.7771
85500 23.7873
85600 23.7987
85700 23.8007
85800 23.788
85900 23.7778
86000 23.7581
86100 23.7379
86200 23.7237
86300 23.7217
86400 23.7194
86500 23.7274
86600 23.7143
86700 23.7121
86800 23.7157
86900 23.7064
87000 23.7131
87100 23.7087
87200 23.7172
87300 23.7297
87400 23.7359
87500 23.7505
87600 23.7522
87700 23.7699
87800 23.7656
87900 23.7615
88000 23.7775
88100 23.7905
88200 23.7959
88300 23.803
88400 23.8186
88500 23.8235
88600 23.8401
88700 23.8399
88800 23.8434
88900 23.854
89000 23.8615
89100 23.8748
89200 23.8854
89300 23.8787
89400 23.8828
89500 23.8808
89600 23.8648
89700 23.8662
89800 23.8625
89900 23.8521
90000 23.8665
90100 23.8823
90200 23.8922
90300 23.8908
90400 23.8996
90500 23.9041
90600 23.9239
90700 23.9266
90800 23.9313
90900 23.9401
91000 23.9334
91100 23.9465
91200 23.9609
91300 23.9664
91400 23.9724
91500 23.9787
91600 23.9801
91700 23.975
91800 23.9912
91900 24.0171
92000 24.0412
92100 24.0638
92200 24.0756
92300 24.0603
92400 24.0509
92500 24.0471
92600 24.0454
92700 24.0267
92800 24.0244
92900 24.0301
93000 24.0429
93100 24.0523
93200 24.0417
93300 24.0254
93400 24.0241
93500 24.0125
93600 24.0164
93700 24.016
93800 24.025
93900 24.0336
94000 24.0246
94100 24.0232
94200 24.0298
94300 24.0324
94400 24.0437
94500 24.0452
94600 24.0352
94700 24.0343
94800 24.0391
94900 24.0285
95000 24.0449
95100 24.0575
95200 24.0671
95300 24.0628
95400 24.0778
95500 24.0858
95600 24.0829
95700 24.0874
95800 24.0787
95900 24.059
96000 24.0406
96100 24.0259
96200 24.0188
96300 24.0149
96400 24.0176
96500 24.0222
96600 24.0156
96700 24.0013
96800 24.0067
96900 23.9945
97000 23.9886
97100 23.9811
97200 23.9689
97300 23.9651
97400 23.9674
97500 23.9799
97600 23.9846
97700 23.9801
97800 23.9826
97900 23.9934
98000 24.0056
98100 24.0135
98200 24.0121
98300 24.01
98400 24.0122
98500 24.0237
98600 24.025
98700 24.0226
98800 24.0216
98900 24.0222
99000 24.0279
99100 24.0339
99200 24.0493
99300 24.0416
99400 24.02
99500 24.0031
99600 23.9851
99700 23.9671
99800 23.9636
99900 23.9732
100000 23.9693
