# Time-averaged data for fix rg_avg_all
# TimeStep c_rg_all
0 22.3674
100 22.3827
200 22.3806
300 22.3872
400 22.39
500 22.3874
600 22.3834
700 22.3752
800 22.3755
900 22.3916
1000 22.3954
1100 22.4012
1200 22.3922
1300 22.3801
1400 22.3742
1500 22.3814
1600 22.3804
1700 22.3714
1800 22.3621
1900 22.3606
2000 22.3553
2100 22.3511
2200 22.353
2300 22.358
2400 22.363
2500 22.3636
2600 22.3515
2700 22.3413
2800 22.3408
2900 22.343
3000 22.3372
3100 22.3317
3200 22.3402
3300 22.3706
3400 22.3813
3500 22.396
3600 22.4121
3700 22.4375
3800 22.4527
3900 22.4652
4000 22.4619
4100 22.4714
4200 22.4915
4300 22.4999
4400 22.5012
4500 22.5142
4600 22.5084
4700 22.5117
4800 22.5009
4900 22.4934
5000 22.4835
5100 22.4796
5200 22.4846
5300 22.4989
5400 22.4971
5500 22.4812
5600 22.4882
5700 22.4933
5800 22.4897
5900 22.4813
6000 22.4815
6100 22.488
6200 22.4909
6300 22.4906
6400 22.4909
6500 22.5077
6600 22.5167
6700 22.521
6800 22.5322
6900 22.5475
7000 22.5563
7100 22.564
7200 22.5726
7300 22.5742
7400 22.5699
7500 22.5727
7600 22.5672
7700 22.562
7800 22.5537
7900 22.548
8000 22.5496
8100 22.5473
8200 22.5482
8300 22.5546
8400 22.5417
8500 22.5252
8600 22.5214
8700 22.514
8800 22.5166
8900 22.5087
9000 22.5327
9100 22.5342
9200 22.5396
9300 22.5531
9400 22.5826
9500 22.6127
9600 22.6194
9700 22.6283
9800 22.6377
9900 22.6335
10000 22.6233
10100 22.6178
10200 22.6126
10300 22.6059
10400 22.5794
10500 22.5577
10600 22.5569
10700 22.5588
10800 22.5623
10900 22.5597
11000 22.5645
11100 22.5778
11200 22.5822
11300 22.5847
11400 22.5914
11500 22.6029
11600 22.6183
11700 22.621
11800 22.6241
11900 22.6295
12000 22.6435
12100 22.6769
12200 22.6888
12300 22.6977
12400 22.6834
12500 22.6991
12600 22.6991
12700 22.6907
12800 22.7091
12900 22.7178
13000 22.7071
13100 22.6907
13200 22.6829
13300 22.6865
13400 22.6816
13500 22.691
13600 22.7009
13700 22.7084
13800 22.7238
13900 22.7327
14000 22.7377
14100 22.7315
14200 22.7341
14300 22.7558
14400 22.7657
14500 22.7767
14600 22.7685
14700 22.7611
14800 22.7509
14900 22.7467
15000 22.751
15100 22.7532
15200 22.7472
15300 22.7402
15400 22.7284
15500 22.7211
15600 22.722
15700 22.7236
15800 22.7201
15900 22.6932
16000 22.6803
16100 22.6489
16200 22.6344
16300 22.6357
16400 22.6312
16500 22.6348
16600 22.6554
16700 22.6546
16800 22.6647
16900 22.6718
17000 22.6712
17100 22.6722
17200 22.6687
17300 22.6831
17400 22.6913
17500 22.6979
17600 22.7021
17700 22.7136
17800 22.718
17900 22.7277
18000 22.7369
18100 22.7426
18200 22.7613
18300 22.7776
18400 22.7862
18500 22.7925
18600 22.7889
18700 22.7858
18800 22.7719
18900 22.7755
19000 22.7828
19100 22.7794
19200 22.7809
19300 22.7882
19400 22.7782
19500 22.7768
19600 22.7799
19700 22.7907
19800 22.796
19900 22.8006
20000 22.799
20100 22.802
20200 22.8094
20300 22.8087
20400 22.8047
20500 22.8113
20600 22.8079
20700 22.8111
20800 22.8027
20900 22.7858
21000 22.7822
21100 22.7762
21200 22.7825
21300 22.7843
21400 22.7926
21500 22.8111
21600 22.8231
21700 22.8257
21800 22.8269
21900 22.8236
22000 22.8323
22100 22.8497
22200 22.8524
22300 22.8771
22400 22.8896
22500 22.8982
22600 22.9064
22700 22.9059
22800 22.9111
22900 22.9354
23000 22.9505
23100 22.9717
23200 22.9761
23300 22.9776
23400 22.9838
23500 22.9822
23600 22.9713
23700 22.9622
23800 22.9465
23900 22.9278
24000 22.922
24100 22.9184
24200 22.9235
24300 22.9459
24400 22.9588
24500 22.9617
24600 22.9643
24700 22.9782
24800 22.9914
24900 23.0029
25000 23.0228
25100 23.0311
25200 23.0403
25300 23.0484
25400 23.0486
25500 23.0495
25600 23.0552
25700 23.0572
25800 23.0567
25900 23.0653
26000 23.0656
26100 23.0695
26200 23.0789
26300 23.0867
26400 23.0855
26500 23.0699
26600 23.0727
26700 23.0889
26800 23.0876
26900 23.0709
27000 23.0573
27100 23.0442
27200 23.0407
27300 23.0635
27400 23.0681
27500 23.0592
27600 23.0425
27700 23.031
27800 23.0274
27900 23.0305
28000 23.0235
28100 23.0255
28200 23.0221
28300 23.0182
28400 23.0117
28500 22.9965
28600 22.9992
28700 22.9981
28800 22.9938
28900 22.9929
29000 22.9961
29100 22.9919
29200 22.9984
29300 23.0109
29400 23.0148
29500 23.0067
29600 22.9982
29700 22.9936
29800 23.0004
29900 23.0001
30000 23.0112
30100 23.0238
30200 23.0387
30300 23.0426
30400 23.0434
30500 23.0399
30600 23.0242
30700 23.0366
30800 23.0295
30900 23.0171
31000 23.011
31100 23.0046
31200 22.9829
31300 22.9562
31400 22.9403
31500 22.9445
31600 22.9496
31700 22.9637
31800 22.9649
31900 22.9614
32000 22.9675
32100 22.9822
32200 23.0006
32300 23.0054
32400 23.0192
32500 23.0348
32600 23.0476
32700 23.0585
32800 23.071
32900 23.084
33000 23.0954
33100 23.0908
33200 23.0945
33300 23.0996
33400 23.1017
33500 23.1012
33600 23.0881
33700 23.087
33800 23.0741
33900 23.0746
34000 23.0733
34100 23.0745
34200 23.0727
34300 23.0745
34400 23.0807
34500 23.0963
34600 23.0983
34700 23.0947
34800 23.0952
34900 23.1081
35000 23.1161
35100 23.122
35200 23.1338
35300 23.1599
35400 23.1715
35500 23.1899
35600 23.2024
35700 23.2155
35800 23.2107
35900 23.2057
36000 23.205
36100 23.2045
36200 23.2062
36300 23.2039
36400 23.1999
36500 23.1968
36600 23.1879
36700 23.1889
36800 23.1939
36900 23.2065
37000 23.2174
37100 23.2287
37200 23.2481
37300 23.27
37400 23.2782
37500 23.2971
37600 23.3079
37700 23.3057
37800 23.2861
37900 23.2761
38000 23.2793
38100 23.283
38200 23.2904
38300 23.281
38400 23.2764
38500 23.287
38600 23.286
38700 23.2843
38800 23.2934
38900 23.2995
39000 23.3023
39100 23.3024
39200 23.2911
39300 23.2886
39400 23.2821
39500 23.2759
39600 23.2778
39700 23.2833
39800 23.307
39900 23.3141
40000 23.3084
40100 23.2989
40200 23.305
40300 23.306
40400 23.3145
40500 23.3154
40600 23.3243
40700 23.3285
40800 23.3275
40900 23.3265
41000 23.3257
41100 23.3362
41200 23.3458
41300 23.3657
41400 23.3706
41500 23.3718
41600 23.3667
41700 23.3604
41800 23.3666
41900 23.3696
42000 23.3756
42100 23.3827
42200 23.3809
42300 23.3801
42400 23.3922
42500 23.3897
42600 23.3952
42700 23.4079
42800 23.402
42900 23.4053
43000 23.4015
43100 23.4015
43200 23.4061
43300 23.4123
43400 23.409
43500 23.4097
43600 23.4174
43700 23.4182
43800 23.4182
43900 23.4199
44000 23.4132
44100 23.4175
44200 23.4273
44300 23.436
44400 23.4578
44500 23.4666
44600 23.4564
44700 23.4566
44800 23.4382
44900 23.435
45000 23.4267
45100 23.4258
45200 23.4246
45300 23.4243
45400 23.448
45500 23.477
45600 23.4943
45700 23.4864
45800 23.4887
45900 23.4777
46000 23.4701
46100 23.4686
46200 23.4452
46300 23.4272
46400 23.4218
46500 23.4288
46600 23.4304
46700 23.4258
46800 23.4193
46900 23.4137
47000 23.4298
47100 23.422
47200 23.4116
47300 23.409
47400 23.4218
47500 23.4397
47600 23.4501
47700 23.4569
47800 23.4723
47900 23.472
48000 23.4598
48100 23.4642
48200 23.4515
48300 23.4432
48400 23.4317
48500 23.4424
48600 23.4533
48700 23.4628
48800 23.4669
48900 23.48
49000 23.4858
49100 23.4933
49200 23.5041
49300 23.5062
49400 23.5007
49500 23.4846
49600 23.4773
49700 23.4625
49800 23.4503
49900 23.4504
50000 23.4636
50100 23.4665
50200 23.4537
50300 23.428
50400 23.4041
50500 23.382
50600 23.3875
50700 23.375
50800 23.3848
50900 23.3912
51000 23.4059
51100 23.4139
51200 23.4178
51300 23.4269
51400 23.4373
51500 23.4471
51600 23.4437
51700 23.4462
51800 23.4432
51900 23.438
52000 23.426
52100 23.4419
52200 23.4601
52300 23.459
52400 23.4595
52500 23.4559
52600 23.4441
52700 23.4558
52800 23.4644
52900 23.466
53000 23.4703
53100 23.4849
53200 23.4786
53300 23.4757
53400 23.4715
53500 23.4693
53600 23.4695
53700 23.4557
53800 23.4508
53900 23.4465
54000 23.4397
54100 23.4277
54200 23.4469
54300 23.4582
54400 23.4561
54500 23.4584
54600 23.454
54700 23.4621
54800 23.4749
54900 23.4766
55000 23.4773
55100 23.4891
55200 23.5113
55300 23.5308
55400 23.5476
55500 23.5548
55600 23.5576
55700 23.5672
55800 23.58
55900 23.5688
56000 23.5698
56100 23.565
56200 23.5646
56300 23.5655
56400 23.5676
56500 23.5723
56600 23.5744
56700 23.5712
56800 23.5846
56900 23.5776
57000 23.5787
57100 23.5764
57200 23.5703
57300 23.575
57400 23.5839
57500 23.5992
57600 23.6039
57700 23.6193
57800 23.6259
57900 23.6276
58000 23.6089
58100 23.6131
58200 23.6162
58300 23.6164
58400 23.599
58500 23.6048
58600 23.599
58700 23.6025
58800 23.5951
58900 23.5922
59000 23.595
59100 23.5929
59200 23.5806
59300 23.5853
59400 23.5946
59500 23.607
59600 23.6156
59700 23.6058
59800 23.6093
59900 23.628
60000 23.6408
60100 23.6517
60200 23.6615
60300 23.6707
60400 23.672
60500 23.6775
60600 23.659
60700 23.6487
60800 23.6394
60900 23.645
61000 23.64
61100 23.6419
61200 23.6524
61300 23.6483
61400 23.6402
61500 23.6331
61600 23.6407
61700 23.6535
61800 23.6666
61900 23.6792
62000 23.6837
62100 23.7019
62200 23.7011
62300 23.6928
62400 23.6903
62500 23.6836
62600 23.6778
62700 23.675
62800 23.6784
62900 23.6843
63000 23.6855
63100 23.6925
63200 23.688
63300 23.6798
63400 23.6721
63500 23.664
63600 23.6608
63700 23.6705
63800 23.6838
63900 23.7027
64000 23.7119
64100 23.7184
64200 23.7254
64300 23.7352
64400 23.7468
64500 23.7476
64600 23.7528
64700 23.7397
64800 23.738
64900 23.7293
65000 23.7315
65100 23.7463
65200 23.763
65300 23.7605
65400 23.775
65500 23.7804
65600 23.7838
65700 23.785
65800 23.7855
65900 23.7801
66000 23.7637
66100 23.7649
66200 23.7752
66300 23.7792
66400 23.78
66500 23.7908
66600 23.8052
66700 23.818
66800 23.8462
66900 23.8752
67000 23.8845
67100 23.8884
67200 23.8849
67300 23.8838
67400 23.8862
67500 23.8839
67600 23.8794
67700 23.8687
67800 23.8788
67900 23.8729
68000 23.8812
68100 23.8938
68200 23.8908
68300 23.8906
68400 23.8898
68500 23.8925
68600 23.9027
68700 23.8904
68800 23.8972
68900 23.9089
69000 23.9154
69100 23.9122
69200 23.9271
69300 23.9317
69400 23.933
69500 23.9311
69600 23.9248
69700 23.9182
69800 23.912
69900 23.9227
70000 23.9313
70100 23.9386
70200 23.945
70300 23.9452
70400 23.9558
70500 23.9585
70600 23.954
70700 23.9439
70800 23.9205
70900 23.9103
71000 23.9066
71100 23.9074
71200 23.9073
71300 23.91
71400 23.915
71500 23.932
71600 23.9225
71700 23.9347
71800 23.9358
71900 23.9353
72000 23.9184
72100 23.8996
72200 23.8724
72300 23.8598
72400 23.8582
72500 23.8569
72600 23.8566
72700 23.8656
72800 23.8619
72900 23.8606
73000 23.8591
73100 23.857
73200 23.8634
73300 23.8662
73400 23.8666
73500 23.8605
73600 23.8533
73700 23.8349
73800 23.8257
73900 23.8134
74000 23.8106
74100 23.8112
74200 23.8196
74300 23.8041
74400 23.7833
74500 23.7891
74600 23.7994
74700 23.8162
74800 23.8312
74900 23.8306
75000 23.8352
75100 23.8343
75200 23.8412
75300 23.8416
75400 23.8379
75500 23.8459
75600 23.8525
75700 23.8416
75800 23.8384
75900 23.8386
76000 23.8418
76100 23.8374
76200 23.848
76300 23.8695
76400 23.8849
76500 23.8866
76600 23.8822
76700 23.8725
76800 23.8659
76900 23.8714
77000 23.8709
77100 23.8813
77200 23.8826
77300 23.8767
77400 23.8727
77500 23.8663
77600 23.848
77700 23.8323
77800 23.8254
77900 23.8298
78000 23.8263
78100 23.8293
78200 23.8447
78300 23.841
78400 23.848
78500 23.8614
78600 23.865
78700 23.8678
78800 23.8792
78900 23.8836
79000 23.8777
79100 23.8915
79200 23.8891
79300 23.892
79400 23.9044
79500 23.9065
79600 23.9096
79700 23.9099
79800 23.9294
79900 23.9375
80000 23.9479
80100 23.945
80200 23.9538
80300 23.966
80400 23.974
80500 23.9822
80600 23.9977
80700 24.0053
80800 24.0035
80900 23.9938
81000 23.9959
81100 24.0141
81200 24.0356
81300 24.0573
81400 24.058
81500 24.0608
81600 24.0464
81700 24.0478
81800 24.0511
81900 24.033
82000 24.0159
82100 24.0182
82200 24.0223
82300 24.0165
82400 24.0065
82500 23.9963
82600 24.0041
82700 24.0119
82800 24.0157
82900 24.0054
83000 24.0021
83100 23.9899
83200 23.9748
83300 23.9714
83400 23.9743
83500 23.9688
83600 23.9706
83700 23.9643
83800 23.9659
83900 23.9686
84000 23.9469
84100 23.9415
84200 23.9503
84300 23.9539
84400 23.9609
84500 23.9705
84600 23.9629
84700 23.9726
84800 23.9847
84900 23.9885
85000 24.0066
85100 23.9994
85200 24.0045
85300 24.0148
85400 24.0259
85500 24.0223
85600 24.0134
85700 24.0076
85800 24.0265
85900 24.0377
86000 24.0518
86100 24.0379
86200 24.0375
86300 24.0488
86400 24.069
86500 24.0667
86600 24.0673
86700 24.0767
86800 24.0657
86900 24.0591
87000 24.0679
87100 24.0551
87200 24.0589
87300 24.0536
87400 24.0468
87500 24.0481
87600 24.0403
87700 24.0346
87800 24.042
87900 24.0425
88000 24.037
88100 24.0476
88200 24.0494
88300 24.0464
88400 24.058
88500 24.0668
88600 24.0813
88700 24.0937
88800 24.1105
88900 24.1103
89000 24.1128
89100 24.1061
89200 24.1083
89300 24.102
89400 24.0961
89500 24.0825
89600 24.073
89700 24.0702
89800 24.0872
89900 24.0974
90000 24.1016
90100 24.1041
90200 24.0913
90300 24.0611
90400 24.0581
90500 24.0662
90600 24.0689
90700 24.0803
90800 24.0902
90900 24.0981
91000 24.1154
91100 24.1265
91200 24.1386
91300 24.1316
91400 24.1314
91500 24.1336
91600 24.1412
91700 24.1486
91800 24.1428
91900 24.1429
92000 24.1626
92100 24.1834
92200 24.187
92300 24.1711
92400 24.1792
92500 24.175
92600 24.1711
92700 24.1749
92800 24.1748
92900 24.1727
93000 24.1823
93100 24.1858
93200 24.1816
93300 24.1899
93400 24.198
93500 24.1872
93600 24.1896
93700 24.1937
93800 24.1829
93900 24.1874
94000 24.2015
94100 24.2086
94200 24.2008
94300 24.196
94400 24.1964
94500 24.204
94600 24.2148
94700 24.215
94800 24.2115
94900 24.2062
95000 24.1894
95100 24.1944
95200 24.2031
95300 24.2019
95400 24.2132
95500 24.2193
95600 24.2215
95700 24.2192
95800 24.228
95900 24.2353
96000 24.2427
96100 24.2521
96200 24.239
96300 24.2378
96400 24.2487
96500 24.2518
96600 24.2727
96700 24.2944
96800 24.3015
96900 24.315
97000 24.3162
97100 24.3031
97200 24.3015
97300 24.2968
97400 24.2999
97500 24.3078
97600 24.3203
97700 24.3228
97800 24.3175
97900 24.3247
98000 24.301
98100 24.2908
98200 24.2886
98300 24.2839
98400 24.2816
98500 24.2884
98600 24.2905
98700 24.2746
98800 24.2471
98900 24.2337
99000 24.2279
99100 24.221
99200 24.2163
99300 24.2054
99400 24.2034
99500 24.1961
99600 24.166
99700 24.1398
99800 24.1475
99900 24.1546
100000 24.1516
