# Time-averaged data for fix rg_avg_all
# TimeStep c_rg_all
0 22.2486
100 22.2457
200 22.2488
300 22.238
400 22.2274
500 22.2238
600 22.2016
700 22.1933
800 22.1917
900 22.1848
1000 22.1868
1100 22.1795
1200 22.1692
1300 22.1677
1400 22.1788
1500 22.2038
1600 22.2206
1700 22.2199
1800 22.2072
1900 22.2128
2000 22.2176
2100 22.2217
2200 22.2246
2300 22.2314
2400 22.2352
2500 22.2228
2600 22.2298
2700 22.2255
2800 22.2177
2900 22.2201
3000 22.2235
3100 22.2303
3200 22.2426
3300 22.234
3400 22.2483
3500 22.233
3600 22.2302
3700 22.2365
3800 22.2428
3900 22.2505
4000 22.2487
4100 22.2679
4200 22.2678
4300 22.2652
4400 22.2722
4500 22.2669
4600 22.2711
4700 22.2708
4800 22.2685
4900 22.2816
5000 22.2742
5100 22.2754
5200 22.2954
5300 22.3105
5400 22.3224
5500 22.3152
5600 22.3039
5700 22.2955
5800 22.3053
5900 22.2853
6000 22.2839
6100 22.2771
6200 22.2717
6300 22.2778
6400 22.2815
6500 22.2868
6600 22.2899
6700 22.3023
6800 22.3109
6900 22.3292
7000 22.335
7100 22.3638
7200 22.3782
7300 22.3905
7400 22.3977
7500 22.4054
7600 22.4156
7700 22.4352
7800 22.4458
7900 22.4783
8000 22.4831
8100 22.4728
8200 22.4758
8300 22.4877
8400 22.4989
8500 22.5177
8600 22.5222
8700 22.5216
8800 22.5271
8900 22.5338
9000 22.5459
9100 22.5628
9200 22.5688
9300 22.5708
9400 22.5857
9500 22.5898
9600 22.5865
9700 22.5846
9800 22.5963
9900 22.6114
10000 22.6212
10100 22.6384
10200 22.6407
10300 22.6328
10400 22.6435
10500 22.651
10600 22.651
10700 22.6634
10800 22.6601
10900 22.6484
11000 22.6621
11100 22.6774
11200 22.686
11300 22.6712
11400 22.6727
11500 22.6746
11600 22.6778
11700 22.6737
11800 22.6732
11900 22.6817
12000 22.685
12100 22.6804
12200 22.6868
12300 22.6917
12400 22.6957
12500 22.6966
12600 22.6921
12700 22.6926
12800 22.6903
12900 22.6972
13000 22.7152
13100 22.7135
13200 22.7051
13300 22.7146
13400 22.7272
13500 22.7202
13600 22.7203
13700 22.734
13800 22.7366
13900 22.7257
14000 22.7474
14100 22.7607
14200 22.7597
14300 22.7636
14400 22.7624
14500 22.7546
14600 22.7553
14700 22.7623
14800 22.7665
14900 22.7583
15000 22.7425
15100 22.7469
15200 22.7532
15300 22.7528
15400 22.7407
15500 22.7384
15600 22.7471
15700 22.7591
15800 22.7692
15900 22.7872
16000 22.8077
16100 22.8144
16200 22.8302
16300 22.8364
16400 22.8293
16500 22.8217
16600 22.8168
16700 22.8113
16800 22.82
16900 22.8171
17000 22.8241
17100 22.816
17200 22.8125
17300 22.8128
17400 22.8145
17500 22.8129
17600 22.7914
17700 22.7915
17800 22.7831
17900 22.7831
18000 22.8011
18100 22.8081
18200 22.8124
18300 22.8082
18400 22.8113
18500 22.8123
18600 22.8101
18700 22.8016
18800 22.8021
18900 22.803
19000 22.7927
19100 22.7919
19200 22.8099
19300 22.8438
19400 22.8621
19500 22.8547
19600 22.8514
19700 22.8487
19800 22.8638
19900 22.8635
20000 22.8678
20100 22.8777
20200 22.9046
20300 22.9155
20400 22.9141
20500 22.9194
20600 22.9286
20700 22.915
20800 22.9035
20900 22.9031
21000 22.9035
21100 22.9067
21200 22.9142
21300 22.9319
21400 22.933
21500 22.9363
21600 22.9439
21700 22.944
21800 22.9423
21900 22.9563
22000 22.9628
22100 22.9627
22200 22.949
22300 22.9523
22400 22.9706
22500 22.9887
22600 22.9861
22700 22.9834
22800 22.9713
22900 22.9733
23000 22.9624
23100 22.9566
23200 22.9527
23300 22.9656
23400 22.9677
23500 22.9746
23600 22.9768
23700 22.9824
23800 22.9977
23900 23.0096
24000 23.0183
24100 23.0232
24200 23.0293
24300 23.0361
24400 23.047
24500 23.0595
24600 23.0615
24700 23.0751
24800 23.0651
24900 23.064
25000 23.067
25100 23.0483
25200 23.0444
25300 23.0343
25400 23.0402
25500 23.0556
25600 23.0627
25700 23.0723
25800 23.0777
25900 23.0687
26000 23.0608
26100 23.0598
26200 23.0762
26300 23.0922
26400 23.1075
26500 23.1137
26600 23.128
26700 23.1429
26800 23.1437
26900 23.1494
27000 23.1604
27100 23.1576
27200 23.1524
27300 23.1493
27400 23.1547
27500 23.1467
27600 23.1582
27700 23.1694
27800 23.1742
27900 23.166
28000 23.1693
28100 23.1728
28200 23.1878
28300 23.2061
28400 23.2041
28500 23.1913
28600 23.179
28700 23.1788
28800 23.1975
28900 23.1984
29000 23.1995
29100 23.1873
29200 23.1733
29300 23.1721
29400 23.1607
29500 23.1569
29600 23.1583
29700 23.1579
29800 23.1714
29900 23.181
30000 23.1897
30100 23.1931
30200 23.1985
30300 23.2054
30400 23.2186
30500 23.2266
30600 23.223
30700 23.2282
30800 23.2413
30900 23.2461
31000 23.2382
31100 23.2361
31200 23.233
31300 23.2432
31400 23.2524
31500 23.259
31600 23.2613
31700 23.2891
31800 23.3016
31900 23.3114
32000 23.3019
32100 23.2828
32200 23.2838
32300 23.2989
32400 23.3096
32500 23.317
32600 23.3214
32700 23.3272
32800 23.338
32900 23.3495
33000 23.3526
33100 23.3673
33200 23.3802
33300 23.3822
33400 23.3767
33500 23.3908
33600 23.3964
33700 23.3953
33800 23.4031
33900 23.4064
34000 23.4125
34100 23.4063
34200 23.3968
34300 23.3907
34400 23.4005
34500 23.4059
34600 23.3914
34700 23.3734
34800 23.3599
34900 23.3681
35000 23.3807
35100 23.3779
35200 23.3758
35300 23.3814
35400 23.3817
35500 23.378
35600 23.3877
35700 23.4006
35800 23.4092
35900 23.4196
36000 23.4324
36100 23.4456
36200 23.4512
36300 23.435
36400 23.4068
36500 23.399
36600 23.396
36700 23.3875
36800 23.4013
36900 23.4005
37000 23.4045
37100 23.4062
37200 23.406
37300 23.4066
37400 23.4124
37500 23.4107
37600 23.4095
37700 23.4178
37800 23.4267
37900 23.4343
38000 23.4465
38100 23.4472
38200 23.4531
38300 23.4493
38400 23.4564
38500 23.4647
38600 23.4596
38700 23.466
38800 23.47
38900 23.4712
39000 23.4684
39100 23.4622
39200 23.4599
39300 23.4554
39400 23.4507
39500 23.4557
39600 23.4632
39700 23.4811
39800 23.4976
39900 23.508
40000 23.5181
40100 23.5185
40200 23.5128
40300 23.5053
40400 23.5084
40500 23.5118
40600 23.5133
40700 23.503
40800 23.5014
40900 23.5016
41000 23.5119
41100 23.5066
41200 23.4963
41300 23.4964
41400 23.4932
41500 23.4948
41600 23.498
41700 23.4893
41800 23.4886
41900 23.4987
42000 23.5085
42100 23.5025
42200 23.4952
42300 23.4984
42400 23.5015
42500 23.4922
42600 23.4793
42700 23.4748
42800 23.4698
42900 23.4703
43000 23.46
43100 23.4612
43200 23.464
43300 23.4546
43400 23.4479
43500 23.4378
43600 23.435
43700 23.423
43800 23.4122
43900 23.4152
44000 23.435
44100 23.4493
44200 23.4641
44300 23.4871
44400 23.4863
44500 23.4933
44600 23.4876
44700 23.4721
44800 23.476
44900 23.4891
45000 23.4867
45100 23.488
45200 23.488
45300 23.4862
45400 23.4787
45500 23.4807
45600 23.4884
45700 23.4946
45800 23.4939
45900 23.4979
46000 23.5024
46100 23.4963
46200 23.4857
46300 23.4855
46400 23.4855
46500 23.4931
46600 23.4934
46700 23.505
46800 23.501
46900 23.5087
47000 23.5137
47100 23.5096
47200 23.5196
47300 23.5281
47400 23.5345
47500 23.5398
47600 23.5239
47700 23.5133
47800 23.5109
47900 23.5112
48000 23.5125
48100 23.5254
48200 23.531
48300 23.5442
48400 23.553
48500 23.5777
48600 23.5823
48700 23.5995
48800 23.6114
48900 23.6162
49000 23.6239
49100 23.6371
49200 23.6464
49300 23.6506
49400 23.6413
49500 23.6335
49600 23.6235
49700 23.616
49800 23.6164
49900 23.6247
50000 23.6313
50100 23.6268
50200 23.6123
50300 23.6173
50400 23.6174
50500 23.6233
50600 23.6244
50700 23.6439
50800 23.6543
50900 23.6525
51000 23.661
51100 23.6441
51200 23.6403
51300 23.6463
51400 23.6398
51500 23.6413
51600 23.6446
51700 23.6569
51800 23.6577
51900 23.6568
52000 23.6609
52100 23.6599
52200 23.6556
52300 23.6568
52400 23.6357
52500 23.6098
52600 23.6087
52700 23.6012
52800 23.5974
52900 23.605
53000 23.6026
53100 23.6106
53200 23.6075
53300 23.6101
53400 23.6034
53500 23.6184
53600 23.6307
53700 23.6434
53800 23.6529
53900 23.6452
54000 23.6303
54100 23.6234
54200 23.6383
54300 23.6548
54400 23.6447
54500 23.6284
54600 23.6357
54700 23.642
54800 23.6358
54900 23.6387
55000 23.6382
55100 23.6346
55200 23.631
55300 23.6471
55400 23.6682
55500 23.693
55600 23.7062
55700 23.7232
55800 23.7226
55900 23.7197
56000 23.7231
56100 23.7374
56200 23.7639
56300 23.7835
56400 23.8001
56500 23.792
56600 23.7989
56700 23.818
56800 23.8252
56900 23.8322
57000 23.8518
57100 23.8643
57200 23.8798
57300 23.8897
57400 23.9085
57500 23.9173
57600 23.9205
57700 23.9218
57800 23.9275
57900 23.9329
58000 23.9352
58100 23.9379
58200 23.927
58300 23.944
58400 23.9363
58500 23.9425
58600 23.9526
58700 23.9524
58800 23.9455
58900 23.9314
59000 23.9227
59100 23.9359
59200 23.9403
59300 23.9506
59400 23.958
59500 23.95
59600 23.94
59700 23.936
59800 23.9323
59900 23.9518
60000 23.9485
60100 23.9507
60200 23.9514
60300 23.9557
60400 23.9554
60500 23.97
60600 23.9771
60700 23.9794
60800 23.9781
60900 23.9767
61000 23.9638
61100 23.9651
61200 23.9825
61300 23.9973
61400 23.9976
61500 23.9781
61600 23.9749
61700 23.9731
61800 23.9633
61900 23.9531
62000 23.956
62100 23.9684
62200 23.9753
62300 23.9828
62400 23.9829
62500 23.9876
62600 23.9855
62700 23.9786
62800 23.9764
62900 23.989
63000 23.9975
63100 23.9907
63200 23.9829
63300 23.9806
63400 23.9938
63500 24.0123
63600 24.0107
63700 24.0273
63800 24.0417
63900 24.0474
64000 24.0619
64100 24.0637
64200 24.0759
64300 24.0819
64400 24.0809
64500 24.088
64600 24.0907
64700 24.0964
64800 24.1081
64900 24.1129
65000 24.1187
65100 24.1129
65200 24.1024
65300 24.0914
65400 24.1062
65500 24.1173
65600 24.1241
65700 24.1263
65800 24.1237
65900 24.1307
66000 24.1413
66100 24.1403
66200 24.152
66300 24.1734
66400 24.1806
66500 24.1762
66600 24.1668
66700 24.1519
66800 24.1386
66900 24.1349
67000 24.1318
67100 24.1397
67200 24.1297
67300 24.1453
67400 24.1554
67500 24.1565
67600 24.1649
67700 24.1697
67800 24.1863
67900 24.1937
68000 24.198
68100 24.1998
68200 24.1999
68300 24.1951
68400 24.2045
68500 24.2071
68600 24.2051
68700 24.2072
68800 24.2125
68900 24.211
69000 24.2098
69100 24.1962
69200 24.1782
69300 24.1856
69400 24.1957
69500 24.2067
69600 24.1983
69700 24.1891
69800 24.1861
69900 24.1867
70000 24.1909
70100 24.202
70200 24.2147
70300 24.2178
70400 24.2211
70500 24.2209
70600 24.2191
70700 24.2105
70800 24.2052
70900 24.1958
71000 24.1843
71100 24.1771
71200 24.1851
71300 24.1869
71400 24.1836
71500 24.1807
71600 24.1847
71700 24.1911
71800 24.2053
71900 24.2132
72000 24.1942
72100 24.188
72200 24.1983
72300 24.2082
72400 24.2165
72500 24.2336
72600 24.2359
72700 24.2359
72800 24.2233
72900 24.2298
73000 24.2296
73100 24.2255
73200 24.2196
73300 24.2109
73400 24.2104
73500 24.2222
73600 24.2206
73700 24.2216
73800 24.2266
73900 24.2327
74000 24.2201
74100 24.2093
74200 24.1941
74300 24.1875
74400 24.1868
74500 24.1876
74600 24.1955
74700 24.205
74800 24.1939
74900 24.1865
75000 24.1918
75100 24.1868
75200 24.1784
75300 24.1766
75400 24.1768
75500 24.1896
75600 24.2095
75700 24.2168
75800 24.223
75900 24.2146
76000 24.1912
76100 24.1788
76200 24.1666
76300 24.1652
76400 24.1738
76500 24.1599
76600 24.1536
76700 24.1431
76800 24.1446
76900 24.1505
77000 24.1559
77100 24.1686
77200 24.1725
77300 24.1891
77400 24.2014
77500 24.2166
77600 24.2254
77700 24.2239
77800 24.2239
77900 24.2225
78000 24.2324
78100 24.2435
78200 24.2613
78300 24.2721
78400 24.2738
78500 24.2742
78600 24.2705
78700 24.2788
78800 24.2745
78900 24.2655
79000 24.2714
79100 24.2766
79200 24.2826
79300 24.2853
79400 24.2904
79500 24.2997
79600 24.2995
79700 24.2997
79800 24.2834
79900 24.2713
80000 24.266
80100 24.2752
80200 24.2862
80300 24.2821
80400 24.2773
80500 24.2682
80600 24.2572
80700 24.2635
80800 24.2704
80900 24.2683
81000 24.2729
81100 24.2821
81200 24.2712
81300 24.2645
81400 24.2589
81500 24.2548
81600 24.2585
81700 24.2783
81800 24.2902
81900 24.2961
82000 24.2983
82100 24.3106
82200 24.3148
82300 24.3049
82400 24.2948
82500 24.2816
82600 24.2771
82700 24.2693
82800 24.2759
82900 24.2814
83000 24.2962
83100 24.3129
83200 24.3278
83300 24.3135
83400 24.3079
83500 24.309
83600 24.3129
83700 24.3209
83800 24.3189
83900 24.3251
84000 24.3304
84100 24.3297
84200 24.3443
84300 24.3542
84400 24.346
84500 24.3437
84600 24.3363
84700 24.3376
84800 24.3416
84900 24.3387
85000 24.3319
85100 24.3271
85200 24.3414
85300 24.3332
85400 24.3264
85500 24.3256
85600 24.329
85700 24.3388
85800 24.3423
85900 24.3521
86000 24.359
86100 24.3835
86200 24.4104
86300 24.4153
86400 24.4215
86500 24.4347
86600 24.4464
86700 24.4489
86800 24.4577
86900 24.4588
87000 24.4658
87100 24.4763
87200 24.4875
87300 24.4839
87400 24.4879
87500 24.5073
87600 24.5099
87700 24.5051
87800 24.502
87900 24.4961
88000 24.5018
88100 24.4936
88200 24.4955
88300 24.5034
88400 24.5089
88500 24.5167
88600 24.5182
88700 24.53
88800 24.5277
88900 24.5263
89000 24.5112
89100 24.4999
89200 24.5021
89300 24.51
89400 24.504
89500 24.4984
89600 24.4969
89700 24.4996
89800 24.5009
89900 24.5042
90000 24.5184
90100 24.5301
90200 24.5354
90300 24.5418
90400 24.548
90500 24.5521
90600 24.5538
90700 24.5572
90800 24.5587
90900 24.5518
91000 24.5379
91100 24.5267
91200 24.5073
91300 24.5058
91400 24.5073
91500 24.499
91600 24.4991
91700 24.5083
91800 24.5104
91900 24.4986
92000 24.4907
92100 24.483
92200 24.4743
92300 24.4638
92400 24.4515
92500 24.4452
92600 24.445
92700 24.4369
92800 24.4251
92900 24.4204
93000 24.4069
93100 24.4072
93200 24.4179
93300 24.4257
93400 24.4303
93500 24.4198
93600 24.4146
93700 24.4083
93800 24.4179
93900 24.4119
94000 24.3973
94100 24.3761
94200 24.3701
94300 24.3611
94400 24.3649
94500 24.3693
94600 24.366
94700 24.3666
94800 24.3623
94900 24.3548
95000 24.342
95100 24.3558
95200 24.3777
95300 24.4025
95400 24.4161
95500 24.4208
95600 24.409
95700 24.4054
95800 24.3981
95900 24.3827
96000 24.3749
96100 24.3721
96200 24.3928
96300 24.4045
96400 24.4073
96500 24.413
96600 24.4215
96700 24.4391
96800 24.4583
96900 24.4636
97000 24.4515
97100 24.447
97200 24.4277
97300 24.4337
97400 24.4411
97500 24.4554
97600 24.462
97700 24.473
97800 24.4852
97900 24.4959
98000 24.4902
98100 24.4911
98200 24.4915
98300 24.5035
98400 24.512
98500 24.5167
98600 24.5194
98700 24.5196
98800 24.5091
98900 24.5081
99000 24.5044
99100 24.5007
99200 24.4944
99300 24.504
99400 24.5144
99500 24.5255
99600 24.5475
99700 24.5431
99800 24.5504
99900 24.5465
100000 24.5375
