# Time-averaged data for fix rg_avg_all
# TimeStep c_rg_all
0 23.1223
100 23.1334
200 23.1367
300 23.1539
400 23.1619
500 23.1634
600 23.161
700 23.1692
800 23.1671
900 23.1595
1000 23.1467
1100 23.1395
1200 23.1338
1300 23.1347
1400 23.1289
1500 23.1359
1600 23.1322
1700 23.1427
1800 23.1368
1900 23.1479
2000 23.1531
2100 23.1618
2200 23.1681
2300 23.1735
2400 23.1739
2500 23.1872
2600 23.1906
2700 23.1877
2800 23.1877
2900 23.1744
3000 23.1801
3100 23.1961
3200 23.1941
3300 23.1739
3400 23.1612
3500 23.1691
3600 23.1729
3700 23.1784
3800 23.1864
3900 23.2077
4000 23.2119
4100 23.2307
4200 23.229
4300 23.2293
4400 23.231
4500 23.2337
4600 23.2352
4700 23.2493
4800 23.269
4900 23.2819
5000 23.2861
5100 23.2827
5200 23.288
5300 23.2797
5400 23.2676
5500 23.262
5600 23.2489
5700 23.2552
5800 23.2666
5900 23.2895
6000 23.3068
6100 23.3157
6200 23.3317
6300 23.3341
6400 23.3159
6500 23.3101
6600 23.3182
6700 23.3304
6800 23.3393
6900 23.3407
7000 23.3471
7100 23.3537
7200 23.3787
7300 23.3884
7400 23.401
7500 23.4184
7600 23.4469
7700 23.4725
7800 23.4925
7900 23.494
8000 23.5032
8100 23.5029
8200 23.4986
8300 23.4916
8400 23.4994
8500 23.5206
8600 23.5464
8700 23.5771
8800 23.599
8900 23.6047
9000 23.6006
9100 23.5995
9200 23.5994
9300 23.6161
9400 23.6127
9500 23.6133
9600 23.6157
9700 23.6139
9800 23.6097
9900 23.5933
10000 23.5829
10100 23.5739
10200 23.5727
10300 23.5687
10400 23.5586
10500 23.5455
10600 23.5333
10700 23.5389
10800 23.5353
10900 23.5306
11000 23.5206
11100 23.5274
11200 23.5229
11300 23.5183
11400 23.5249
11500 23.5343
11600 23.5178
11700 23.5086
11800 23.5073
11900 23.5075
12000 23.5036
12100 23.4898
12200 23.4899
12300 23.4986
12400 23.5006
12500 23.5053
12600 23.5175
12700 23.5113
12800 23.5242
12900 23.5305
13000 23.5199
13100 23.5216
13200 23.5184
13300 23.5244
13400 23.5305
13500 23.5326
13600 23.5425
13700 23.5426
13800 23.548
13900 23.5612
14000 23.5803
14100 23.5793
14200 23.5902
14300 23.602
14400 23.6135
14500 23.6153
14600 23.6116
14700 23.6062
14800 23.6024
14900 23.5958
15000 23.5924
15100 23.6013
15200 23.6137
15300 23.6173
15400 23.6181
15500 23.6277
15600 23.633
15700 23.6426
15800 23.6618
15900 23.6596
16000 23.6661
16100 23.6689
16200 23.6697
16300 23.6741
16400 23.6984
16500 23.7028
16600 23.7194
16700 23.7321
16800 23.7277
16900 23.7231
17000 23.7166
17100 23.6975
17200 23.691
17300 23.6805
17400 23.6791
17500 23.661
17600 23.643
17700 23.6441
17800 23.6367
17900 23.6383
18000 23.6493
18100 23.6719
18200 23.6931
18300 23.6994
18400 23.6884
18500 23.6829
18600 23.6789
18700 23.6748
18800 23.6641
18900 23.6554
19000 23.6532
19100 23.6483
19200 23.6445
19300 23.653
19400 23.6562
19500 23.6489
19600 23.6616
19700 23.6674
19800 23.6638
19900 23.6585
20000 23.6653
20100 23.6741
20200 23.6924
20300 23.6968
20400 23.704
20500 23.7238
20600 23.7304
20700 23.7381
20800 23.748
20900 23.7464
21000 23.7637
21100 23.7678
21200 23.7634
21300 23.7688
21400 23.7742
21500 23.7915
21600 23.7931
21700 23.8124
21800 23.8346
21900 23.8397
22000 23.8475
22100 23.8669
22200 23.8923
22300 23.922
22400 23.925
22500 23.9151
22600 23.9139
22700 23.9216
22800 23.9297
22900 23.9117
23000 23.9103
23100 23.9028
23200 23.8828
23300 23.8642
23400 23.8608
23500 23.849
23600 23.8561
23700 23.8719
23800 23.8853
23900 23.8935
24000 23.9007
24100 23.8993
24200 23.8997
24300 23.9075
24400 23.9036
24500 23.899
24600 23.9116
24700 23.9169
24800 23.932
24900 23.9427
25000 23.9601
25100 23.9635
25200 23.9735
25300 23.9861
25400 23.9931
25500 23.9889
25600 23.997
25700 23.993
25800 23.9708
25900 23.971
26000 23.9772
26100 23.9772
26200 23.9715
26300 23.9685
26400 23.9465
26500 23.9311
26600 23.9452
26700 23.9508
26800 23.9595
26900 23.968
27000 23.9849
27100 23.9852
27200 23.9952
27300 23.994
27400 23.9933
27500 24.0075
27600 24.0278
27700 24.0414
27800 24.0521
27900 24.0484
28000 24.0393
28100 24.034
28200 24.0402
28300 24.0337
28400 24.0386
28500 24.0397
28600 24.0361
28700 24.0401
28800 24.0513
28900 24.06
29000 24.0681
29100 24.0643
29200 24.0639
29300 24.0686
29400 24.0837
29500 24.0956
29600 24.108
29700 24.1115
29800 24.1256
29900 24.1179
30000 24.1078
30100 24.1179
30200 24.1281
30300 24.1276
30400 24.1253
30500 24.1267
30600 24.1213
30700 24.1169
30800 24.1277
30900 24.1332
31000 24.135
31100 24.1348
31200 24.1401
31300 24.1443
31400 24.1485
31500 24.145
31600 24.1375
31700 24.1356
31800 24.1338
31900 24.1286
32000 24.1377
32100 24.1392
32200 24.1353
32300 24.1292
32400 24.1346
32500 24.1409
32600 24.1433
32700 24.1503
32800 24.1426
32900 24.1475
33000 24.1537
33100 24.1627
33200 24.165
33300 24.1565
33400 24.153
33500 24.1397
33600 24.129
33700 24.1288
33800 24.1323
33900 24.1232
34000 24.1332
34100 24.1341
34200 24.1189
34300 24.0998
34400 24.0816
34500 24.0877
34600 24.0889
34700 24.0866
34800 24.0842
34900 24.0779
35000 24.0914
35100 24.1039
35200 24.1181
35300 24.1242
35400 24.125
35500 24.1202
35600 24.1035
35700 24.095
35800 24.0981
35900 24.1145
36000 24.1216
36100 24.12
36200 24.1256
36300 24.1334
36400 24.1307
36500 24.1397
36600 24.1486
36700 24.16
36800 24.1641
36900 24.1841
37000 24.1887
37100 24.1774
37200 24.1686
37300 24.1569
37400 24.1355
37500 24.1301
37600 24.1209
37700 24.1335
37800 24.1488
37900 24.1451
38000 24.1438
38100 24.15
38200 24.1534
38300 24.1625
38400 24.1596
38500 24.1618
38600 24.1463
38700 24.1334
38800 24.1203
38900 24.124
39000 24.1255
39100 24.121
39200 24.1278
39300 24.1304
39400 24.1354
39500 24.1368
39600 24.137
39700 24.1394
39800 24.1353
39900 24.1228
40000 24.1167
40100 24.123
40200 24.1161
40300 24.116
40400 24.1222
40500 24.1288
40600 24.1467
40700 24.1663
40800 24.164
40900 24.1709
41000 24.1812
41100 24.193
41200 24.1925
41300 24.1865
41400 24.1731
41500 24.1692
41600 24.1602
41700 24.1565
41800 24.1546
41900 24.1467
42000 24.1446
42100 24.1297
42200 24.121
42300 24.1267
42400 24.1274
42500 24.1185
42600 24.1079
42700 24.1041
42800 24.1084
42900 24.1113
43000 24.116
43100 24.1376
43200 24.1445
43300 24.1465
43400 24.1599
43500 24.1732
43600 24.1749
43700 24.1682
43800 24.1547
43900 24.1611
44000 24.1618
44100 24.1663
44200 24.1607
44300 24.1568
44400 24.1592
44500 24.1635
44600 24.159
44700 24.1656
44800 24.1717
44900 24.1638
45000 24.1369
45100 24.1119
45200 24.1055
45300 24.1095
45400 24.1096
45500 24.1043
45600 24.0976
45700 24.1014
45800 24.1129
45900 24.112
46000 24.1213
46100 24.1237
46200 24.1102
46300 24.0922
46400 24.0864
46500 24.0718
46600 24.0712
46700 24.0707
46800 24.0624
46900 24.068
47000 24.061
47100 24.0567
47200 24.0635
47300 24.0652
47400 24.0859
47500 24.0991
47600 24.1095
47700 24.0992
47800 24.1043
47900 24.1112
48000 24.1104
48100 24.1177
48200 24.1144
48300 24.1372
48400 24.1535
48500 24.1461
48600 24.1429
48700 24.141
48800 24.1392
48900 24.1537
49000 24.1685
49100 24.1604
49200 24.1641
49300 24.1743
49400 24.1734
49500 24.1789
49600 24.1865
49700 24.2045
49800 24.2214
49900 24.2272
50000 24.2217
50100 24.225
50200 24.2231
50300 24.2271
50400 24.2359
50500 24.2375
50600 24.2381
50700 24.2415
50800 24.26
50900 24.2699
51000 24.2684
51100 24.2639
51200 24.2799
51300 24.2798
51400 24.2764
51500 24.2778
51600 24.2763
51700 24.2839
51800 24.2994
51900 24.3157
52000 24.3401
52100 24.3534
52200 24.358
52300 24.3629
52400 24.3468
52500 24.3423
52600 24.3471
52700 24.3449
52800 24.3305
52900 24.3205
53000 24.3105
53100 24.3035
53200 24.3079
53300 24.3134
53400 24.3019
53500 24.2999
53600 24.3066
53700 24.3124
53800 24.3081
53900 24.3042
54000 24.3092
54100 24.3106
54200 24.3122
54300 24.3166
54400 24.3143
54500 24.3071
54600 24.3205
54700 24.3087
54800 24.3082
54900 24.2982
55000 24.3032
55100 24.3107
55200 24.299
55300 24.3162
55400 24.3248
55500 24.3238
55600 24.3302
55700 24.3349
55800 24.3456
55900 24.3493
56000 24.3543
56100 24.3413
56200 24.3515
56300 24.3722
56400 24.3829
56500 24.3696
56600 24.3638
56700 24.368
56800 24.3655
56900 24.3806
57000 24.3837
57100 24.3854
57200 24.3887
57300 24.3778
57400 24.3612
57500 24.3454
57600 24.3329
57700 24.3273
57800 24.3195
57900 24.3268
58000 24.3384
58100 24.333
58200 24.3362
58300 24.3499
58400 24.3605
58500 24.3641
58600 24.3585
58700 24.3449
58800 24.3295
58900 24.3059
59000 24.296
59100 24.2763
59200 24.2643
59300 24.2679
59400 24.2692
59500 24.276
59600 24.272
59700 24.2782
59800 24.2734
59900 24.292
60000 24.3091
60100 24.3119
60200 24.3208
60300 24.3124
60400 24.3152
60500 24.317
60600 24.3142
60700 24.3269
60800 24.3308
60900 24.3381
61000 24.3302
61100 24.3384
61200 24.3431
61300 24.3452
61400 24.3529
61500 24.3507
61600 24.3524
61700 24.3469
61800 24.345
61900 24.333
62000 24.3458
62100 24.3538
62200 24.3556
62300 24.3505
62400 24.3298
62500 24.3313
62600 24.3322
62700 24.3533
62800 24.3627
62900 24.3645
63000 24.365
63100 24.3797
63200 24.3939
63300 24.4045
63400 24.3987
63500 24.3978
63600 24.399
63700 24.3985
63800 24.3975
63900 24.4135
64000 24.4304
64100 24.444
64200 24.4566
64300 24.4469
64400 24.4438
64500 24.4401
64600 24.4407
64700 24.4471
64800 24.4602
64900 24.4804
65000 24.4792
65100 24.4812
65200 24.4884
65300 24.4901
65400 24.4881
65500 24.4897
65600 24.4995
65700 24.4957
65800 24.5172
65900 24.5446
66000 24.5653
66100 24.5744
66200 24.5696
66300 24.5763
66400 24.5712
66500 24.5803
66600 24.5879
66700 24.5896
66800 24.5999
66900 24.6062
67000 24.6095
67100 24.6172
67200 24.6267
67300 24.6378
67400 24.6369
67500 24.631
67600 24.6376
67700 24.6411
67800 24.651
67900 24.6499
68000 24.6551
68100 24.6542
68200 24.65
68300 24.6563
68400 24.6547
68500 24.6581
68600 24.6445
68700 24.6287
68800 24.6138
68900 24.5968
69000 24.5836
69100 24.5799
69200 24.5911
69300 24.5788
69400 24.5761
69500 24.5659
69600 24.5695
69700 24.5519
69800 24.5592
69900 24.5588
70000 24.5603
70100 24.5651
70200 24.569
70300 24.564
70400 24.5748
70500 24.5853
70600 24.5885
70700 24.5818
70800 24.5921
70900 24.6034
71000 24.6176
71100 24.6095
71200 24.5999
71300 24.5944
71400 24.5907
71500 24.5846
71600 24.5851
71700 24.5935
71800 24.6118
71900 24.6108
72000 24.6162
72100 24.62
72200 24.6269
72300 24.6184
72400 24.6156
72500 24.6232
72600 24.6284
72700 24.6355
72800 24.6294
72900 24.6362
73000 24.6453
73100 24.6521
73200 24.6469
73300 24.6265
73400 24.6214
73500 24.6358
73600 24.6376
73700 24.6345
73800 24.6447
73900 24.6454
74000 24.6496
74100 24.6524
74200 24.638
74300 24.6408
74400 24.6434
74500 24.6588
74600 24.6873
74700 24.6839
74800 24.6838
74900 24.6719
75000 24.6981
75100 24.7181
75200 24.7277
75300 24.7326
75400 24.7384
75500 24.7344
75600 24.7416
75700 24.7445
75800 24.7467
75900 24.7657
76000 24.7662
76100 24.7713
76200 24.7857
76300 24.7846
76400 24.7954
76500 24.7923
76600 24.7955
76700 24.7892
76800 24.7812
76900 24.7762
77000 24.769
77100 24.7629
77200 24.7723
77300 24.7783
77400 24.7781
77500 24.7712
77600 24.7769
77700 24.7827
77800 24.7796
77900 24.7793
78000 24.7747
78100 24.7579
78200 24.7678
78300 24.7826
78400 24.792
78500 24.8048
78600 24.8091
78700 24.8304
78800 24.8361
78900 24.8292
79000 24.8287
79100 24.8175
79200 24.8122
79300 24.8003
79400 24.784
79500 24.776
79600 24.763
79700 24.7516
79800 24.7535
79900 24.7573
80000 24.7672
80100 24.7869
80200 24.8015
80300 24.8204
80400 24.8299
80500 24.8311
80600 24.8444
80700 24.8428
80800 24.8422
80900 24.8484
81000 24.844
81100 24.8352
81200 24.8352
81300 24.8238
81400 24.8386
81500 24.8541
81600 24.8604
81700 24.8681
81800 24.8639
81900 24.8675
82000 24.8669
82100 24.8668
82200 24.8685
82300 24.8672
82400 24.8582
82500 24.8583
82600 24.8527
82700 24.8607
82800 24.8695
82900 24.8741
83000 24.8763
83100 24.8868
83200 24.8976
83300 24.9182
83400 24.9276
83500 24.9215
83600 24.8995
83700 24.8838
83800 24.8803
83900 24.8788
84000 24.8824
84100 24.8905
84200 24.8987
84300 24.9091
84400 24.9182
84500 24.9353
84600 24.9403
84700 24.9518
84800 24.9681
84900 24.9718
85000 24.9596
85100 24.9416
85200 24.9252
85300 24.9108
85400 24.8908
85500 24.8771
85600 24.8672
85700 24.868
85800 24.8606
85900 24.8501
86000 24.8607
86100 24.8519
86200 24.8587
86300 24.8716
86400 24.886
86500 24.8972
86600 24.9072
86700 24.9217
86800 24.923
86900 24.922
87000 24.9327
87100 24.9344
87200 24.9292
87300 24.9254
87400 24.9309
87500 24.9303
87600 24.9231
87700 24.9144
87800 24.9182
87900 24.9341
88000 24.9449
88100 24.9614
88200 24.9673
88300 24.9778
88400 24.9768
88500 24.9786
88600 24.9888
88700 25.0002
88800 25.0071
88900 25.0114
89000 25.009
89100 25.0009
89200 25.0082
89300 25.0227
89400 25.0226
89500 25.0245
89600 25.0243
89700 25.0237
89800 25.0144
89900 25.0188
90000 25.0178
90100 25.0085
90200 25.0045
90300 25.0267
90400 25.0336
90500 25.0357
90600 25.0421
90700 25.0445
90800 25.0595
90900 25.0604
91000 25.0703
91100 25.0674
91200 25.0643
91300 25.0481
91400 25.0457
91500 25.0419
91600 25.04
91700 25.0448
91800 25.0602
91900 25.0533
92000 25.05
92100 25.051
92200 25.0468
92300 25.0433
92400 25.0632
92500 25.0626
92600 25.0614
92700 25.0643
92800 25.0704
92900 25.078
93000 25.0965
93100 25.0969
93200 25.1047
93300 25.0947
93400 25.0874
93500 25.0924
93600 25.0886
93700 25.0652
93800 25.0572
93900 25.0313
94000 25.0319
94100 25.0325
94200 25.03
94300 25.0316
94400 25.0294
94500 25.0278
94600 25.0118
94700 25.0135
94800 25.022
94900 25.0334
95000 25.0383
95100 25.0559
95200 25.067
95300 25.0709
95400 25.0779
95500 25.0847
95600 25.1003
95700 25.1139
95800 25.1229
95900 25.1246
96000 25.1298
96100 25.1447
96200 25.1473
96300 25.1507
96400 25.1638
96500 25.1815
96600 25.1874
96700 25.1825
96800 25.185
96900 25.177
97000 25.182
97100 25.1756
97200 25.1711
97300 25.1679
97400 25.1759
97500 25.1739
97600 25.1524
97700 25.151
97800 25.1353
97900 25.127
98000 25.1469
98100 25.1647
98200 25.1678
98300 25.1771
98400 25.192
98500 25.2025
98600 25.194
98700 25.1854
98800 25.1802
98900 25.1884
99000 25.1969
99100 25.2113
99200 25.22
99300 25.2232
99400 25.2273
99500 25.2233
99600 25.2179
99700 25.2102
99800 25.2096
99900 25.2122
100000 25.2245
