# Time-averaged data for fix rg_avg_all
# TimeStep c_rg_all
0 20.4745
100 20.4885
200 20.5072
300 20.5057
400 20.5094
500 20.5138
600 20.5061
700 20.507
800 20.501
900 20.4956
1000 20.49
1100 20.4862
1200 20.4978
1300 20.5135
1400 20.5428
1500 20.562
1600 20.5897
1700 20.6106
1800 20.6215
1900 20.6233
2000 20.6217
2100 20.6297
2200 20.6409
2300 20.6512
2400 20.6583
2500 20.6607
2600 20.6659
2700 20.6761
2800 20.6853
2900 20.6904
3000 20.7022
3100 20.7205
3200 20.7336
3300 20.7372
3400 20.7342
3500 20.7378
3600 20.7407
3700 20.7423
3800 20.7591
3900 20.7607
4000 20.7724
4100 20.7832
4200 20.7984
4300 20.8078
4400 20.8097
4500 20.8211
4600 20.8337
4700 20.8332
4800 20.8223
4900 20.8239
5000 20.8388
5100 20.8574
5200 20.8668
5300 20.8542
5400 20.8422
5500 20.837
5600 20.8333
5700 20.8406
5800 20.8326
5900 20.8183
6000 20.8155
6100 20.814
6200 20.8141
6300 20.8105
6400 20.7955
6500 20.8027
6600 20.8021
6700 20.8096
6800 20.8155
6900 20.8197
7000 20.8184
7100 20.8324
7200 20.8298
7300 20.822
7400 20.8134
7500 20.8088
7600 20.8066
7700 20.8002
7800 20.7884
7900 20.7881
8000 20.7938
8100 20.7881
8200 20.7852
8300 20.8009
8400 20.8031
8500 20.7992
8600 20.7938
8700 20.7785
8800 20.7738
8900 20.7693
9000 20.7748
9100 20.7591
9200 20.7698
9300 20.7718
9400 20.7817
9500 20.7888
9600 20.7915
9700 20.7917
9800 20.7887
9900 20.7995
10000 20.8195
10100 20.8416
10200 20.8603
10300 20.8809
10400 20.8935
10500 20.8962
10600 20.8973
10700 20.9079
10800 20.9158
10900 20.9268
11000 20.9409
11100 20.9434
11200 20.9439
11300 20.9581
11400 20.9741
11500 20.9679
11600 20.9765
11700 20.9957
11800 21.0005
11900 21.0163
12000 21.0383
12100 21.0502
12200 21.0615
12300 21.0606
12400 21.067
12500 21.067
12600 21.077
12700 21.0952
12800 21.1123
12900 21.1197
13000 21.1233
13100 21.1251
13200 21.1271
13300 21.1283
13400 21.1314
13500 21.1363
13600 21.143
13700 21.1422
13800 21.1449
13900 21.1554
14000 21.1513
14100 21.1339
14200 21.1322
14300 21.1325
14400 21.1358
14500 21.1283
14600 21.112
14700 21.1143
14800 21.1227
14900 21.1321
15000 21.1399
15100 21.1432
15200 21.1338
15300 21.132
15400 21.1311
15500 21.1211
15600 21.1174
15700 21.1254
15800 21.126
15900 21.1286
16000 21.1209
16100 21.1277
16200 21.1412
16300 21.1465
16400 21.1487
16500 21.1583
16600 21.1828
16700 21.175
16800 21.1788
16900 21.1793
17000 21.1911
17100 21.1934
17200 21.1915
17300 21.1882
17400 21.1859
17500 21.1908
17600 21.1958
17700 21.1954
17800 21.2027
17900 21.1981
18000 21.1993
18100 21.2059
18200 21.2167
18300 21.2176
18400 21.2168
18500 21.221
18600 21.2275
18700 21.2179
18800 21.2095
18900 21.2124
19000 21.1977
19100 21.1963
19200 21.2002
19300 21.1917
19400 21.1907
19500 21.1988
19600 21.2043
19700 21.2057
19800 21.1954
19900 21.1892
20000 21.1973
20100 21.2103
20200 21.2146
20300 21.2113
20400 21.2005
20500 21.1881
20600 21.1838
20700 21.1839
20800 21.1754
20900 21.1687
21000 21.1883
21100 21.1839
21200 21.1773
21300 21.1754
21400 21.1676
21500 21.1522
21600 21.15
21700 21.1436
21800 21.1368
21900 21.1353
22000 21.146
22100 21.1626
22200 21.1603
22300 21.1613
22400 21.1719
22500 21.1741
22600 21.1826
22700 21.1832
22800 21.19
22900 21.1911
23000 21.1899
23100 21.1998
23200 21.1941
23300 21.1829
23400 21.1806
23500 21.1778
23600 21.173
23700 21.1704
23800 21.1719
23900 21.1794
24000 21.1956
24100 21.2142
24200 21.2187
24300 21.2314
24400 21.255
24500 21.2863
24600 21.313
24700 21.3191
24800 21.3296
24900 21.3428
25000 21.366
25100 21.3787
25200 21.3853
25300 21.3793
25400 21.3755
25500 21.3799
25600 21.3916
25700 21.3934
25800 21.3934
25900 21.4025
26000 21.4035
26100 21.392
26200 21.3661
26300 21.3612
26400 21.3682
26500 21.3824
26600 21.382
26700 21.3948
26800 21.4228
26900 21.437
27000 21.4494
27100 21.4467
27200 21.4576
27300 21.4622
27400 21.4569
27500 21.4353
27600 21.4236
27700 21.4145
27800 21.3999
27900 21.4015
28000 21.4043
28100 21.4103
28200 21.4153
28300 21.4181
28400 21.4268
28500 21.4397
28600 21.4647
28700 21.4647
28800 21.473
28900 21.4731
29000 21.4747
29100 21.4789
29200 21.4727
29300 21.4699
29400 21.4866
29500 21.5014
29600 21.519
29700 21.5335
29800 21.5496
29900 21.5545
30000 21.5626
30100 21.5513
30200 21.5384
30300 21.5268
30400 21.5314
30500 21.5506
30600 21.558
30700 21.5538
30800 21.5639
30900 21.5723
31000 21.5862
31100 21.5994
31200 21.5879
31300 21.5874
31400 21.5954
31500 21.5938
31600 21.6108
31700 21.6113
31800 21.6131
31900 21.6281
32000 21.6307
32100 21.6344
32200 21.6386
32300 21.6579
32400 21.6678
32500 21.6944
32600 21.7041
32700 21.7197
32800 21.7301
32900 21.7336
33000 21.7466
33100 21.7573
33200 21.7741
33300 21.7917
33400 21.7842
33500 21.7879
33600 21.7778
33700 21.7787
33800 21.7874
33900 21.783
34000 21.7767
34100 21.7621
34200 21.7488
34300 21.7621
34400 21.7733
34500 21.7758
34600 21.7822
34700 21.7961
34800 21.7957
34900 21.8128
35000 21.8199
35100 21.8279
35200 21.8534
35300 21.8535
35400 21.8602
35500 21.8681
35600 21.8761
35700 21.8674
35800 21.8635
35900 21.851
36000 21.8495
36100 21.8557
36200 21.8583
36300 21.8651
36400 21.8739
36500 21.8622
36600 21.8605
36700 21.8622
36800 21.8794
36900 21.8978
37000 21.9195
37100 21.9171
37200 21.9237
37300 21.9316
37400 21.9401
37500 21.9475
37600 21.9678
37700 21.9769
37800 21.9753
37900 21.9747
38000 21.9838
38100 21.9904
38200 21.994
38300 21.9901
38400 21.9943
38500 21.9969
38600 22.0141
38700 22.0278
38800 22.0366
38900 22.0382
39000 22.0352
39100 22.0174
39200 22.0232
39300 22.0214
39400 22.0362
39500 22.0528
39600 22.054
39700 22.0591
39800 22.0686
39900 22.0741
40000 22.0788
40100 22.0953
40200 22.1036
40300 22.1116
40400 22.1155
40500 22.1291
40600 22.1379
40700 22.1335
40800 22.1376
40900 22.1529
41000 22.167
41100 22.173
41200 22.1591
41300 22.1685
41400 22.1817
41500 22.1929
41600 22.1962
41700 22.1922
41800 22.2031
41900 22.2076
42000 22.2159
42100 22.2219
42200 22.2334
42300 22.2476
42400 22.2592
42500 22.2688
42600 22.285
42700 22.2802
42800 22.2788
42900 22.2753
43000 22.2751
43100 22.2785
43200 22.2734
43300 22.2602
43400 22.2534
43500 22.253
43600 22.2635
43700 22.2668
43800 22.2707
43900 22.272
44000 22.2816
44100 22.2985
44200 22.306
44300 22.3208
44400 22.3244
44500 22.3361
44600 22.3361
44700 22.3427
44800 22.3443
44900 22.3451
45000 22.3363
45100 22.3351
45200 22.3333
45300 22.3236
45400 22.3143
45500 22.3036
45600 22.2933
45700 22.2915
45800 22.2931
45900 22.2986
46000 22.317
46100 22.3195
46200 22.3176
46300 22.3085
46400 22.2997
46500 22.3034
46600 22.3062
46700 22.2963
46800 22.2842
46900 22.2918
47000 22.2944
47100 22.2819
47200 22.2908
47300 22.305
47400 22.3135
47500 22.3086
47600 22.2936
47700 22.2971
47800 22.2984
47900 22.3053
48000 22.3019
48100 22.3082
48200 22.3161
48300 22.3117
48400 22.3134
48500 22.3101
48600 22.3107
48700 22.3075
48800 22.3107
48900 22.2976
49000 22.295
49100 22.2942
49200 22.2954
49300 22.2936
49400 22.2991
49500 22.3136
49600 22.3092
49700 22.3128
49800 22.3274
49900 22.3268
50000 22.322
50100 22.319
50200 22.3314
50300 22.3365
50400 22.3447
50500 22.3446
50600 22.3482
50700 22.3537
50800 22.3576
50900 22.3627
51000 22.3621
51100 22.357
51200 22.3542
51300 22.3654
51400 22.3684
51500 22.3582
51600 22.3658
51700 22.3663
51800 22.3548
51900 22.3544
52000 22.3613
52100 22.3686
52200 22.3651
52300 22.3519
52400 22.3516
52500 22.3524
52600 22.3635
52700 22.36
52800 22.3589
52900 22.3786
53000 22.3676
53100 22.3451
53200 22.3288
53300 22.32
53400 22.3178
53500 22.3245
53600 22.336
53700 22.3437
53800 22.3533
53900 22.3658
54000 22.376
54100 22.4057
54200 22.4189
54300 22.4168
54400 22.4186
54500 22.4398
54600 22.4398
54700 22.436
54800 22.4205
54900 22.4173
55000 22.4154
55100 22.3988
55200 22.4036
55300 22.4128
55400 22.4229
55500 22.4219
55600 22.4171
55700 22.4157
55800 22.4139
55900 22.4172
56000 22.4256
56100 22.4346
56200 22.4426
56300 22.456
56400 22.4577
56500 22.4509
56600 22.4396
56700 22.4312
56800 22.4196
56900 22.4062
57000 22.405
57100 22.4035
57200 22.4051
57300 22.3922
57400 22.3798
57500 22.3764
57600 22.36
57700 22.3595
57800 22.3675
57900 22.3747
58000 22.3783
58100 22.3846
58200 22.3849
58300 22.3925
58400 22.3876
58500 22.3859
58600 22.3839
58700 22.3825
58800 22.3902
58900 22.3943
59000 22.4041
59100 22.4063
59200 22.4084
59300 22.4099
59400 22.4192
59500 22.4351
59600 22.4534
59700 22.4477
59800 22.4137
59900 22.3883
60000 22.3702
60100 22.3574
60200 22.3395
60300 22.3282
60400 22.3241
60500 22.3202
60600 22.3185
60700 22.3111
60800 22.3072
60900 22.2844
61000 22.2819
61100 22.2829
61200 22.2893
61300 22.307
61400 22.3111
61500 22.3225
61600 22.3384
61700 22.3633
61800 22.381
61900 22.3878
62000 22.4017
62100 22.4172
62200 22.4314
62300 22.4461
62400 22.4591
62500 22.4752
62600 22.4879
62700 22.4794
62800 22.4775
62900 22.4707
63000 22.4851
63100 22.49
63200 22.4963
63300 22.5049
63400 22.4995
63500 22.4935
63600 22.4972
63700 22.5121
63800 22.514
63900 22.5328
64000 22.5461
64100 22.5483
64200 22.5456
64300 22.5352
64400 22.5365
64500 22.5318
64600 22.5439
64700 22.5495
64800 22.5557
64900 22.5478
65000 22.5305
65100 22.5308
65200 22.5302
65300 22.5331
65400 22.5425
65500 22.5521
65600 22.5642
65700 22.5773
65800 22.5903
65900 22.6001
66000 22.6083
66100 22.5994
66200 22.6046
66300 22.6023
66400 22.6041
66500 22.6109
66600 22.618
66700 22.6347
66800 22.6393
66900 22.6477
67000 22.6577
67100 22.6747
67200 22.6871
67300 22.7075
67400 22.7192
67500 22.7222
67600 22.7177
67700 22.7098
67800 22.7021
67900 22.6967
68000 22.6833
68100 22.6817
68200 22.698
68300 22.6915
68400 22.697
68500 22.6925
68600 22.698
68700 22.6974
68800 22.6843
68900 22.6943
69000 22.6967
69100 22.7078
69200 22.7138
69300 22.7267
69400 22.7481
69500 22.7693
69600 22.7873
69700 22.7998
69800 22.8118
69900 22.8345
70000 22.8489
70100 22.868
70200 22.8847
70300 22.8984
70400 22.9178
70500 22.9254
70600 22.9459
70700 22.9585
70800 22.9621
70900 22.9618
71000 22.9592
71100 22.97
71200 22.9942
71300 23.0101
71400 23.0077
71500 22.9966
71600 22.9876
71700 22.9781
71800 22.969
71900 22.9641
72000 22.9705
72100 22.9629
72200 22.9574
72300 22.9462
72400 22.9438
72500 22.9383
72600 22.9354
72700 22.9286
72800 22.9237
72900 22.9391
73000 22.9477
73100 22.9436
73200 22.9442
73300 22.934
73400 22.9247
73500 22.9123
73600 22.9224
73700 22.9381
73800 22.9558
73900 22.9691
74000 22.9791
74100 22.9795
74200 22.9855
74300 22.9918
74400 22.9876
74500 22.9894
74600 22.988
74700 22.9909
74800 22.9863
74900 22.9902
75000 23.0001
75100 23.0001
75200 23.0073
75300 23.017
75400 23.019
75500 23.0227
75600 23.0247
75700 23.016
75800 23.0197
75900 23.0277
76000 23.0295
76100 23.0266
76200 23.0368
76300 23.0444
76400 23.0453
76500 23.053
76600 23.0484
76700 23.0463
76800 23.0455
76900 23.0508
77000 23.0626
77100 23.0684
77200 23.0721
77300 23.0603
77400 23.0641
77500 23.0767
77600 23.0927
77700 23.1035
77800 23.1098
77900 23.1215
78000 23.1392
78100 23.1491
78200 23.1643
78300 23.1683
78400 23.1849
78500 23.2002
78600 23.2253
78700 23.2379
78800 23.2472
78900 23.2487
79000 23.2487
79100 23.2401
79200 23.2357
79300 23.2363
79400 23.239
79500 23.2376
79600 23.2332
79700 23.2254
79800 23.2319
79900 23.2373
80000 23.2236
80100 23.2212
80200 23.2185
80300 23.2248
80400 23.2035
80500 23.2001
80600 23.2032
80700 23.2046
80800 23.2013
80900 23.2033
81000 23.2206
81100 23.2233
81200 23.2184
81300 23.2074
81400 23.2067
81500 23.2081
81600 23.2079
81700 23.2057
81800 23.2152
81900 23.2247
82000 23.2386
82100 23.2348
82200 23.2408
82300 23.2473
82400 23.2498
82500 23.2567
82600 23.2568
82700 23.2481
82800 23.24
82900 23.254
83000 23.2629
83100 23.2929
83200 23.3017
83300 23.3224
83400 23.327
83500 23.3424
83600 23.3634
83700 23.367
83800 23.3524
83900 23.3359
84000 23.3263
84100 23.3255
84200 23.329
84300 23.3184
84400 23.3275
84500 23.3423
84600 23.3523
84700 23.3497
84800 23.3592
84900 23.3609
85000 23.3544
85100 23.3564
85200 23.3526
85300 23.3583
85400 23.352
85500 23.3437
85600 23.3388
85700 23.3299
85800 23.3263
85900 23.3263
86000 23.3088
86100 23.3087
86200 23.3077
86300 23.302
86400 23.291
86500 23.2852
86600 23.2755
86700 23.2715
86800 23.2707
86900 23.2735
87000 23.2888
87100 23.3048
87200 23.3197
87300 23.3375
87400 23.3401
87500 23.3416
87600 23.3346
87700 23.3359
87800 23.3494
87900 23.364
88000 23.3716
88100 23.3827
88200 23.3986
88300 23.4003
88400 23.4086
88500 23.4204
88600 23.4337
88700 23.4521
88800 23.4668
88900 23.4716
89000 23.4724
89100 23.4854
89200 23.4926
89300 23.4875
89400 23.4801
89500 23.4794
89600 23.4687
89700 23.4588
89800 23.4489
89900 23.4494
90000 23.4603
90100 23.4599
90200 23.4631
90300 23.4689
90400 23.4802
90500 23.4955
90600 23.5218
90700 23.5411
90800 23.5458
90900 23.5537
91000 23.5565
91100 23.5611
91200 23.5778
91300 23.5786
91400 23.5756
91500 23.5643
91600 23.5616
91700 23.5679
91800 23.5599
91900 23.5487
92000 23.532
92100 23.5248
92200 23.5199
92300 23.5293
92400 23.545
92500 23.5455
92600 23.5485
92700 23.5604
92800 23.5588
92900 23.5629
93000 23.5601
93100 23.5717
93200 23.5713
93300 23.556
93400 23.5469
93500 23.5331
93600 23.545
93700 23.5391
93800 23.5333
93900 23.5456
94000 23.5646
94100 23.5578
94200 23.5711
94300 23.5836
94400 23.584
94500 23.569
94600 23.5682
94700 23.573
94800 23.5878
94900 23.5926
95000 23.6008
95100 23.5947
95200 23.594
95300 23.5907
95400 23.5954
95500 23.6087
95600 23.6065
95700 23.5955
95800 23.6005
95900 23.6018
96000 23.6169
96100 23.6395
96200 23.6611
96300 23.6709
96400 23.669
96500 23.6593
96600 23.6479
96700 23.6548
96800 23.6552
96900 23.6506
97000 23.6593
97100 23.6648
97200 23.6635
97300 23.663
97400 23.6601
97500 23.6697
97600 23.6802
97700 23.6897
97800 23.7076
97900 23.7147
98000 23.7035
98100 23.6917
98200 23.6831
98300 23.6757
98400 23.6784
98500 23.6897
98600 23.6883
98700 23.6814
98800 23.6875
98900 23.6946
99000 23.6956
99100 23.6906
99200 23.6959
99300 23.6858
99400 23.6659
99500 23.6636
99600 23.6645
99700 23.6669
99800 23.6707
99900 23.6737
100000 23.6623
