# Time-averaged data for fix rg_avg_all
# TimeStep c_rg_all
0 21.8601
100 21.8622
200 21.864
300 21.8739
400 21.8872
500 21.8839
600 21.8995
700 21.9048
800 21.905
900 21.9044
1000 21.8941
1100 21.9033
1200 21.9111
1300 21.9121
1400 21.9199
1500 21.9343
1600 21.9462
1700 21.9529
1800 21.948
1900 21.9367
2000 21.9404
2100 21.9463
2200 21.9561
2300 21.959
2400 21.965
2500 21.9673
2600 21.974
2700 21.9734
2800 21.9621
2900 21.9577
3000 21.9493
3100 21.9306
3200 21.9228
3300 21.9333
3400 21.9457
3500 21.9473
3600 21.9528
3700 21.9639
3800 21.9816
3900 21.987
4000 21.995
4100 22.0023
4200 22.0016
4300 22.0189
4400 22.0277
4500 22.0312
4600 22.0484
4700 22.0481
4800 22.0557
4900 22.0484
5000 22.0481
5100 22.0389
5200 22.036
5300 22.0342
5400 22.0316
5500 22.0276
5600 22.0351
5700 22.0407
5800 22.0451
5900 22.0426
6000 22.0356
6100 22.0326
6200 22.038
6300 22.0478
6400 22.0482
6500 22.0596
6600 22.0745
6700 22.0812
6800 22.0707
6900 22.0678
7000 22.0732
7100 22.0876
7200 22.0956
7300 22.0882
7400 22.0904
7500 22.0806
7600 22.0844
7700 22.0987
7800 22.1102
7900 22.0977
8000 22.0873
8100 22.0859
8200 22.1073
8300 22.1155
8400 22.1225
8500 22.1204
8600 22.1165
8700 22.1213
8800 22.1301
8900 22.1197
9000 22.1131
9100 22.1065
9200 22.1106
9300 22.135
9400 22.1531
9500 22.1687
9600 22.1742
9700 22.1737
9800 22.1755
9900 22.1873
10000 22.1992
10100 22.2175
10200 22.2441
10300 22.243
10400 22.2496
10500 22.2556
10600 22.252
10700 22.2483
10800 22.2338
10900 22.2116
11000 22.1995
11100 22.1933
11200 22.2028
11300 22.2022
11400 22.2099
11500 22.2156
11600 22.2221
11700 22.2299
11800 22.2393
11900 22.2434
12000 22.2482
12100 22.2447
12200 22.2428
12300 22.2396
12400 22.2338
12500 22.2351
12600 22.2363
12700 22.2381
12800 22.2422
12900 22.2445
13000 22.256
13100 22.254
13200 22.2408
13300 22.2388
13400 22.2389
13500 22.2397
13600 22.2571
13700 22.261
13800 22.2588
13900 22.268
14000 22.2785
14100 22.2831
14200 22.3057
14300 22.3179
14400 22.3239
14500 22.3248
14600 22.3068
14700 22.2977
14800 22.2787
14900 22.2533
15000 22.2591
15100 22.2518
15200 22.2384
15300 22.2448
15400 22.2491
15500 22.2658
15600 22.2623
15700 22.243
15800 22.2346
15900 22.2249
16000 22.2358
16100 22.2354
16200 22.2427
16300 22.245
16400 22.2581
16500 22.2811
16600 22.2903
16700 22.3098
16800 22.3253
16900 22.3372
17000 22.3481
17100 22.3567
17200 22.3667
17300 22.3724
17400 22.385
17500 22.4041
17600 22.4094
17700 22.4192
17800 22.4328
17900 22.4479
18000 22.4424
18100 22.4169
18200 22.4056
18300 22.4048
18400 22.4207
18500 22.4446
18600 22.4576
18700 22.471
18800 22.48
18900 22.4849
19000 22.4925
19100 22.4858
19200 22.4772
19300 22.4687
19400 22.4523
19500 22.4478
19600 22.454
19700 22.4644
19800 22.4581
19900 22.4512
20000 22.4458
20100 22.4396
20200 22.4524
20300 22.4548
20400 22.4603
20500 22.4691
20600 22.4821
20700 22.4936
20800 22.4929
20900 22.4918
21000 22.5027
21100 22.5214
21200 22.5279
21300 22.5228
21400 22.52
21500 22.5175
21600 22.523
21700 22.5287
21800 22.5458
21900 22.5616
22000 22.5814
22100 22.5784
22200 22.5721
22300 22.5717
22400 22.5661
22500 22.5776
22600 22.5835
22700 22.5907
22800 22.5884
22900 22.5958
23000 22.612
23100 22.6034
23200 22.5961
23300 22.5886
23400 22.5829
23500 22.5791
23600 22.5892
23700 22.5906
23800 22.5877
23900 22.6013
24000 22.629
24100 22.6437
24200 22.6503
24300 22.6513
24400 22.6601
24500 22.6677
24600 22.6741
24700 22.679
24800 22.6794
24900 22.6788
25000 22.6714
25100 22.6738
25200 22.6878
25300 22.7003
25400 22.7028
25500 22.6929
25600 22.6933
25700 22.7154
25800 22.7273
25900 22.7333
26000 22.7285
26100 22.7144
26200 22.7131
26300 22.7097
26400 22.7111
26500 22.7239
26600 22.7271
26700 22.7298
26800 22.7476
26900 22.7534
27000 22.7491
27100 22.7535
27200 22.7456
27300 22.7447
27400 22.7471
27500 22.7459
27600 22.7364
27700 22.7316
27800 22.7262
27900 22.7292
28000 22.7372
28100 22.7518
28200 22.7681
28300 22.7623
28400 22.7626
28500 22.7615
28600 22.783
28700 22.7995
28800 22.8107
28900 22.821
29000 22.8249
29100 22.8341
29200 22.8625
29300 22.8775
29400 22.8901
29500 22.889
29600 22.8883
29700 22.9002
29800 22.9107
29900 22.9142
30000 22.9213
30100 22.9245
30200 22.9205
30300 22.926
30400 22.9393
30500 22.9501
30600 22.9565
30700 22.9589
30800 22.9558
30900 22.9573
31000 22.9535
31100 22.9578
31200 22.9559
31300 22.9644
31400 22.9694
31500 22.979
31600 22.982
31700 22.9884
31800 22.9993
31900 23.0166
32000 23.025
32100 23.0307
32200 23.0336
32300 23.0407
32400 23.0365
32500 23.0564
32600 23.0609
32700 23.072
32800 23.0805
32900 23.0991
33000 23.1037
33100 23.103
33200 23.0898
33300 23.0874
33400 23.0939
33500 23.1009
33600 23.1148
33700 23.1341
33800 23.1383
33900 23.1356
34000 23.1315
34100 23.1313
34200 23.1298
34300 23.1404
34400 23.1606
34500 23.1715
34600 23.1579
34700 23.1523
34800 23.1475
34900 23.1444
35000 23.1411
35100 23.1538
35200 23.1673
35300 23.19
35400 23.2037
35500 23.2201
35600 23.2243
35700 23.2234
35800 23.2249
35900 23.2246
36000 23.2346
36100 23.2384
36200 23.2467
36300 23.2442
36400 23.2376
36500 23.247
36600 23.2639
36700 23.2677
36800 23.2707
36900 23.2775
37000 23.2839
37100 23.2816
37200 23.2962
37300 23.2986
37400 23.3019
37500 23.3026
37600 23.3084
37700 23.3065
37800 23.2982
37900 23.3037
38000 23.3097
38100 23.3114
38200 23.3228
38300 23.3287
38400 23.3272
38500 23.3251
38600 23.3393
38700 23.3573
38800 23.3789
38900 23.3971
39000 23.4068
39100 23.4232
39200 23.4277
39300 23.4421
39400 23.4627
39500 23.4688
39600 23.4675
39700 23.4731
39800 23.4742
39900 23.4948
40000 23.4897
40100 23.4931
40200 23.497
40300 23.5045
40400 23.5065
40500 23.4952
40600 23.4883
40700 23.4911
40800 23.494
40900 23.4941
41000 23.4932
41100 23.4764
41200 23.4717
41300 23.4627
41400 23.4483
41500 23.4483
41600 23.4523
41700 23.4733
41800 23.4897
41900 23.5051
42000 23.5241
42100 23.5326
42200 23.5515
42300 23.564
42400 23.578
42500 23.5824
42600 23.5886
42700 23.5942
42800 23.6014
42900 23.6165
43000 23.6279
43100 23.6453
43200 23.6523
43300 23.6457
43400 23.647
43500 23.6437
43600 23.642
43700 23.6346
43800 23.6456
43900 23.6705
44000 23.6794
44100 23.7011
44200 23.7087
44300 23.7083
44400 23.7139
44500 23.708
44600 23.7136
44700 23.7066
44800 23.6965
44900 23.6953
45000 23.6877
45100 23.6912
45200 23.701
45300 23.7067
45400 23.7052
45500 23.6973
45600 23.6875
45700 23.6803
45800 23.6703
45900 23.661
46000 23.6606
46100 23.6484
46200 23.643
46300 23.6295
46400 23.6243
46500 23.6349
46600 23.6401
46700 23.6444
46800 23.6611
46900 23.6652
47000 23.6748
47100 23.6752
47200 23.683
47300 23.6938
47400 23.7037
47500 23.7017
47600 23.6941
47700 23.6938
47800 23.6942
47900 23.7056
48000 23.7177
48100 23.7276
48200 23.7271
48300 23.7268
48400 23.7123
48500 23.7042
48600 23.6911
48700 23.6836
48800 23.6732
48900 23.6507
49000 23.6433
49100 23.653
49200 23.6705
49300 23.6718
49400 23.6716
49500 23.663
49600 23.6601
49700 23.6637
49800 23.6567
49900 23.6725
50000 23.6911
50100 23.7151
50200 23.7364
50300 23.7477
50400 23.749
50500 23.7407
50600 23.7438
50700 23.765
50800 23.7615
50900 23.7641
51000 23.7753
51100 23.7967
51200 23.8116
51300 23.8264
51400 23.8236
51500 23.815
51600 23.8302
51700 23.8351
51800 23.8483
51900 23.8666
52000 23.8638
52100 23.8472
52200 23.85
52300 23.8557
52400 23.8408
52500 23.838
52600 23.8228
52700 23.8191
52800 23.8199
52900 23.8193
53000 23.8155
53100 23.8059
53200 23.7965
53300 23.8085
53400 23.8294
53500 23.8227
53600 23.8032
53700 23.8083
53800 23.8178
53900 23.8375
54000 23.8582
54100 23.8753
54200 23.8952
54300 23.9113
54400 23.9114
54500 23.9248
54600 23.9304
54700 23.9262
54800 23.9115
54900 23.912
55000 23.925
55100 23.9179
55200 23.9102
55300 23.9066
55400 23.9094
55500 23.9135
55600 23.9155
55700 23.9191
55800 23.9237
55900 23.9258
56000 23.9294
56100 23.9357
56200 23.9427
56300 23.9517
56400 23.9542
56500 23.9619
56600 23.972
56700 23.9786
56800 23.9941
56900 24.0048
57000 24.016
57100 24.0082
57200 24.014
57300 24.004
57400 23.9873
57500 23.9986
57600 23.9988
57700 24.0035
57800 24.0066
57900 24.0147
58000 24.0088
58100 24.0118
58200 24.0206
58300 24.0197
58400 24.0278
58500 24.0263
58600 24.0255
58700 24.0091
58800 24.0034
58900 24.0077
59000 24.0329
59100 24.0669
59200 24.0892
59300 24.0834
59400 24.0928
59500 24.0868
59600 24.0806
59700 24.0913
59800 24.1132
59900 24.1326
60000 24.1539
60100 24.1698
60200 24.1775
60300 24.1758
60400 24.1778
60500 24.1908
60600 24.1897
60700 24.1919
60800 24.1982
60900 24.2011
61000 24.2046
61100 24.1917
61200 24.2043
61300 24.2141
61400 24.2189
61500 24.2237
61600 24.2313
61700 24.219
61800 24.211
61900 24.2021
62000 24.1914
62100 24.1714
62200 24.1626
62300 24.1699
62400 24.1855
62500 24.2065
62600 24.1983
62700 24.1937
62800 24.185
62900 24.1769
63000 24.1989
63100 24.224
63200 24.2172
63300 24.2205
63400 24.2236
63500 24.2258
63600 24.224
63700 24.2165
63800 24.1941
63900 24.1891
64000 24.186
64100 24.1837
64200 24.1756
64300 24.1614
64400 24.1381
64500 24.1109
64600 24.0935
64700 24.085
64800 24.0932
64900 24.0937
65000 24.0883
65100 24.0784
65200 24.0744
65300 24.0803
65400 24.0937
65500 24.1049
65600 24.0955
65700 24.0811
65800 24.0772
65900 24.0912
66000 24.0972
66100 24.1116
66200 24.1314
66300 24.1387
66400 24.1436
66500 24.1493
66600 24.1594
66700 24.154
66800 24.1536
66900 24.1564
67000 24.1662
67100 24.1581
67200 24.1538
67300 24.1564
67400 24.1588
67500 24.1502
67600 24.1393
67700 24.1469
67800 24.1472
67900 24.16
68000 24.1711
68100 24.1794
68200 24.1703
68300 24.1731
68400 24.1659
68500 24.1499
68600 24.1389
68700 24.1365
68800 24.1494
68900 24.1604
69000 24.1949
69100 24.2246
69200 24.2388
69300 24.2541
69400 24.2532
69500 24.2595
69600 24.2596
69700 24.2528
69800 24.2571
69900 24.2681
70000 24.2746
70100 24.2741
70200 24.2685
70300 24.266
70400 24.2497
70500 24.229
70600 24.1978
70700 24.1951
70800 24.1765
70900 24.1681
71000 24.1692
71100 24.1618
71200 24.1702
71300 24.1848
71400 24.1992
71500 24.2061
71600 24.2112
71700 24.2229
71800 24.2231
71900 24.2085
72000 24.2059
72100 24.1902
72200 24.1755
72300 24.1671
72400 24.166
72500 24.1649
72600 24.1735
72700 24.1725
72800 24.1609
72900 24.1465
73000 24.1469
73100 24.1707
73200 24.1699
73300 24.1592
73400 24.1479
73500 24.149
73600 24.1433
73700 24.1371
73800 24.1549
73900 24.1681
74000 24.1993
74100 24.2247
74200 24.2337
74300 24.2457
74400 24.2577
74500 24.2742
74600 24.277
74700 24.282
74800 24.2928
74900 24.3105
75000 24.3222
75100 24.3169
75200 24.3203
75300 24.3333
75400 24.3509
75500 24.3604
75600 24.3747
75700 24.3759
75800 24.3746
75900 24.3755
76000 24.3789
76100 24.3781
76200 24.3863
76300 24.4015
76400 24.4084
76500 24.407
76600 24.4181
76700 24.4317
76800 24.4405
76900 24.4578
77000 24.4719
77100 24.4831
77200 24.4856
77300 24.4754
77400 24.4822
77500 24.4837
77600 24.4885
77700 24.5014
77800 24.4994
77900 24.5148
78000 24.5171
78100 24.5029
78200 24.4881
78300 24.4846
78400 24.4901
78500 24.4969
78600 24.4953
78700 24.4909
78800 24.503
78900 24.5066
79000 24.5074
79100 24.5155
79200 24.5217
79300 24.5157
79400 24.5081
79500 24.5007
79600 24.4901
79700 24.4879
79800 24.4832
79900 24.4902
80000 24.4943
80100 24.4925
80200 24.4974
80300 24.5013
80400 24.5109
80500 24.5108
80600 24.5156
80700 24.523
80800 24.525
80900 24.5135
81000 24.514
81100 24.513
81200 24.5124
81300 24.5092
81400 24.5062
81500 24.5062
81600 24.505
81700 24.5073
81800 24.5199
81900 24.5213
82000 24.5194
82100 24.5314
82200 24.5273
82300 24.5199
82400 24.5204
82500 24.5135
82600 24.5099
82700 24.5103
82800 24.5148
82900 24.5293
83000 24.5395
83100 24.5474
83200 24.5383
83300 24.5284
83400 24.5249
83500 24.5325
83600 24.5268
83700 24.528
83800 24.5125
83900 24.5185
84000 24.5237
84100 24.5349
84200 24.5341
84300 24.5557
84400 24.5678
84500 24.5628
84600 24.56
84700 24.565
84800 24.5654
84900 24.5748
85000 24.5871
85100 24.5815
85200 24.5775
85300 24.5766
85400 24.5785
85500 24.5823
85600 24.5889
85700 24.5912
85800 24.5953
85900 24.6009
86000 24.6237
86100 24.6323
86200 24.6393
86300 24.6457
86400 24.658
86500 24.6905
86600 24.7008
86700 24.715
86800 24.7251
86900 24.7302
87000 24.7447
87100 24.7612
87200 24.7777
87300 24.7821
87400 24.7895
87500 24.7825
87600 24.7563
87700 24.7422
87800 24.7441
87900 24.7341
88000 24.7315
88100 24.73
88200 24.7305
88300 24.7248
88400 24.7218
88500 24.7332
88600 24.7317
88700 24.7178
88800 24.697
88900 24.6875
89000 24.6839
89100 24.6768
89200 24.6922
89300 24.6969
89400 24.7091
89500 24.721
89600 24.7413
89700 24.7515
89800 24.7691
89900 24.7775
90000 24.7883
90100 24.7952
90200 24.8164
90300 24.8173
90400 24.8243
90500 24.8325
90600 24.8472
90700 24.8596
90800 24.867
90900 24.8634
91000 24.8652
91100 24.8633
91200 24.8783
91300 24.8864
91400 24.8739
91500 24.8666
91600 24.8766
91700 24.8808
91800 24.8788
91900 24.8736
92000 24.888
92100 24.8787
92200 24.8876
92300 24.8848
92400 24.8741
92500 24.8816
92600 24.8818
92700 24.8897
92800 24.8993
92900 24.9128
93000 24.9269
93100 24.9397
93200 24.939
93300 24.9407
93400 24.9383
93500 24.9315
93600 24.9252
93700 24.9097
93800 24.9024
93900 24.8889
94000 24.8892
94100 24.8862
94200 24.8937
94300 24.898
94400 24.8944
94500 24.8978
94600 24.8989
94700 24.9156
94800 24.9165
94900 24.9158
95000 24.9142
95100 24.9165
95200 24.911
95300 24.9138
95400 24.9225
95500 24.9439
95600 24.9588
95700 24.9705
95800 24.9749
95900 24.9665
96000 24.9592
96100 24.955
96200 24.9508
96300 24.9422
96400 24.9345
96500 24.9289
96600 24.9212
96700 24.9078
96800 24.8913
96900 24.8853
97000 24.8896
97100 24.8857
97200 24.8659
97300 24.8546
97400 24.8559
97500 24.8532
97600 24.8418
97700 24.8372
97800 24.8511
97900 24.8661
98000 24.8672
98100 24.8548
98200 24.8573
98300 24.8669
98400 24.8823
98500 24.8992
98600 24.9087
98700 24.927
98800 24.9326
98900 24.9438
99000 24.946
99100 24.9353
99200 24.9444
99300 24.9553
99400 24.9623
99500 24.9738
99600 24.9752
99700 24.9751
99800 24.9667
99900 24.9609
100000 24.9656
