# Time-averaged data for fix rg_avg_all
# TimeStep c_rg_all
0 22.3981
100 22.3999
200 22.3937
300 22.3914
400 22.379
500 22.3678
600 22.3601
700 22.3633
800 22.3582
900 22.372
1000 22.395
1100 22.4119
1200 22.4225
1300 22.4212
1400 22.4242
1500 22.4202
1600 22.4142
1700 22.4149
1800 22.4176
1900 22.4222
2000 22.4088
2100 22.3937
2200 22.3783
2300 22.3854
2400 22.3799
2500 22.3803
2600 22.3843
2700 22.3987
2800 22.4035
2900 22.3925
3000 22.3968
3100 22.3716
3200 22.3671
3300 22.3625
3400 22.3609
3500 22.3719
3600 22.3689
3700 22.3861
3800 22.3939
3900 22.396
4000 22.4056
4100 22.4096
4200 22.404
4300 22.41
4400 22.4086
4500 22.4161
4600 22.4363
4700 22.453
4800 22.4559
4900 22.4711
5000 22.4683
5100 22.4693
5200 22.4654
5300 22.4661
5400 22.4667
5500 22.4542
5600 22.4389
5700 22.4343
5800 22.4296
5900 22.4148
6000 22.4056
6100 22.3979
6200 22.3783
6300 22.3647
6400 22.3737
6500 22.3605
6600 22.3411
6700 22.3489
6800 22.3625
6900 22.3768
7000 22.3829
7100 22.3894
7200 22.3943
7300 22.4012
7400 22.4024
7500 22.4009
7600 22.3894
7700 22.3786
7800 22.3756
7900 22.3728
8000 22.3665
8100 22.3741
8200 22.3724
8300 22.3739
8400 22.3811
8500 22.3867
8600 22.383
8700 22.3749
8800 22.3833
8900 22.3867
9000 22.3813
9100 22.3911
9200 22.3961
9300 22.4201
9400 22.4214
9500 22.4258
9600 22.4089
9700 22.4077
9800 22.4084
9900 22.4232
10000 22.4459
10100 22.4445
10200 22.4457
10300 22.4552
10400 22.4647
10500 22.4733
10600 22.4911
10700 22.4942
10800 22.4925
10900 22.4959
11000 22.4897
11100 22.4906
11200 22.4932
11300 22.476
11400 22.4608
11500 22.4399
11600 22.4472
11700 22.4381
11800 22.434
11900 22.4328
12000 22.4255
12100 22.4079
12200 22.4052
12300 22.4101
12400 22.4216
12500 22.4396
12600 22.4606
12700 22.4653
12800 22.4793
12900 22.5018
13000 22.5063
13100 22.5167
13200 22.5189
13300 22.5316
13400 22.5459
13500 22.5507
13600 22.5551
13700 22.5551
13800 22.5798
13900 22.6062
14000 22.6136
14100 22.6014
14200 22.6138
14300 22.6332
14400 22.6552
14500 22.6711
14600 22.675
14700 22.6706
14800 22.6833
14900 22.6799
15000 22.6671
15100 22.6617
15200 22.6443
15300 22.6328
15400 22.6424
15500 22.6529
15600 22.6468
15700 22.6516
15800 22.6477
15900 22.6338
16000 22.622
16100 22.6206
16200 22.6234
16300 22.626
16400 22.6333
16500 22.6409
16600 22.6556
16700 22.6722
16800 22.6731
16900 22.6708
17000 22.6772
17100 22.6657
17200 22.6641
17300 22.6658
17400 22.6689
17500 22.6783
17600 22.6769
17700 22.6789
17800 22.6751
17900 22.6651
18000 22.6627
18100 22.6757
18200 22.6812
18300 22.6755
18400 22.6997
18500 22.708
18600 22.7161
18700 22.7393
18800 22.7384
18900 22.7468
19000 22.7511
19100 22.7441
19200 22.7249
19300 22.7114
19400 22.7015
19500 22.6907
19600 22.6899
19700 22.6735
19800 22.6593
19900 22.6611
20000 22.6618
20100 22.6686
20200 22.6845
20300 22.6846
20400 22.6942
20500 22.7021
20600 22.703
20700 22.7131
20800 22.7096
20900 22.7137
21000 22.7194
21100 22.7394
21200 22.7613
21300 22.767
21400 22.7838
21500 22.7839
21600 22.7861
21700 22.7986
21800 22.821
21900 22.8289
22000 22.8264
22100 22.8223
22200 22.8227
22300 22.8387
22400 22.85
22500 22.8575
22600 22.8538
22700 22.8258
22800 22.8049
22900 22.7957
23000 22.7881
23100 22.7779
23200 22.7777
23300 22.775
23400 22.7705
23500 22.7778
23600 22.7929
23700 22.7997
23800 22.7974
23900 22.8021
24000 22.8054
24100 22.8074
24200 22.8108
24300 22.8153
24400 22.8198
24500 22.7991
24600 22.7957
24700 22.8056
24800 22.823
24900 22.8207
25000 22.8101
25100 22.8158
25200 22.8298
25300 22.8295
25400 22.8349
25500 22.8294
25600 22.8175
25700 22.8178
25800 22.8253
25900 22.825
26000 22.8209
26100 22.8134
26200 22.8026
26300 22.8046
26400 22.8091
26500 22.8146
26600 22.8223
26700 22.8288
26800 22.8372
26900 22.8397
27000 22.84
27100 22.8488
27200 22.8432
27300 22.8387
27400 22.8486
27500 22.8461
27600 22.8358
27700 22.838
27800 22.8392
27900 22.831
28000 22.8319
28100 22.834
28200 22.8274
28300 22.8321
28400 22.8501
28500 22.8617
28600 22.8661
28700 22.8791
28800 22.9052
28900 22.9107
29000 22.9191
29100 22.9258
29200 22.9208
29300 22.9263
29400 22.9243
29500 22.9257
29600 22.9321
29700 22.926
29800 22.915
29900 22.9098
30000 22.9017
30100 22.9038
30200 22.891
30300 22.8938
30400 22.9024
30500 22.8981
30600 22.8891
30700 22.9028
30800 22.9058
30900 22.9118
31000 22.906
31100 22.9043
31200 22.8952
31300 22.9015
31400 22.9223
31500 22.9389
31600 22.9513
31700 22.9628
31800 22.9626
31900 22.973
32000 22.987
32100 22.9826
32200 22.9894
32300 22.9979
32400 22.9934
32500 22.9969
32600 23.0082
32700 23.0145
32800 23.0281
32900 23.0281
33000 23.024
33100 23.0255
33200 23.0321
33300 23.044
33400 23.0506
33500 23.0464
33600 23.0382
33700 23.0457
33800 23.0466
33900 23.0406
34000 23.02
34100 23.0077
34200 22.9963
34300 22.9965
34400 23.003
34500 23.0003
34600 22.9958
34700 22.987
34800 22.9747
34900 22.9808
35000 22.9994
35100 23.0003
35200 23.0033
35300 23.0096
35400 23.0141
35500 23.0211
35600 23.0211
35700 23.0252
35800 23.0185
35900 23.0347
36000 23.042
36100 23.0445
36200 23.0397
36300 23.036
36400 23.0334
36500 23.0239
36600 23.0112
36700 23.0012
36800 22.9953
36900 22.9831
37000 22.9747
37100 22.9797
37200 22.9878
37300 23.0014
37400 23.0211
37500 23.028
37600 23.0189
37700 23.0089
37800 23.0066
37900 22.986
38000 22.9546
38100 22.9499
38200 22.9598
38300 22.9638
38400 22.985
38500 22.9945
38600 22.9937
38700 22.9884
38800 22.9772
38900 22.9749
39000 22.9811
39100 22.9874
39200 23
39300 23.0122
39400 23.0092
39500 22.9969
39600 23.0015
39700 23.0015
39800 23.0215
39900 23.0284
40000 23.0198
40100 23.0331
40200 23.0437
40300 23.0632
40400 23.0721
40500 23.0667
40600 23.069
40700 23.073
40800 23.0699
40900 23.0667
41000 23.086
41100 23.0967
41200 23.0898
41300 23.0917
41400 23.1054
41500 23.113
41600 23.1214
41700 23.124
41800 23.1221
41900 23.1344
42000 23.1177
42100 23.1117
42200 23.098
42300 23.1008
42400 23.1205
42500 23.1265
42600 23.1209
42700 23.1202
42800 23.1266
42900 23.1256
43000 23.1343
43100 23.1579
43200 23.1769
43300 23.172
43400 23.1848
43500 23.202
43600 23.2111
43700 23.2158
43800 23.2105
43900 23.2096
44000 23.2155
44100 23.2198
44200 23.2243
44300 23.2272
44400 23.225
44500 23.2211
44600 23.234
44700 23.2462
44800 23.2548
44900 23.2556
45000 23.2395
45100 23.2421
45200 23.2428
45300 23.2391
45400 23.2425
45500 23.2573
45600 23.259
45700 23.261
45800 23.2563
45900 23.2477
46000 23.259
46100 23.279
46200 23.2926
46300 23.3044
46400 23.306
46500 23.3152
46600 23.3207
46700 23.3377
46800 23.3586
46900 23.3704
47000 23.3633
47100 23.36
47200 23.363
47300 23.3647
47400 23.3707
47500 23.3719
47600 23.371
47700 23.3762
47800 23.3986
47900 23.4054
48000 23.3928
48100 23.3987
48200 23.4037
48300 23.4164
48400 23.4232
48500 23.425
48600 23.4173
48700 23.4218
48800 23.4116
48900 23.3887
49000 23.3846
49100 23.4001
49200 23.398
49300 23.3846
49400 23.3711
49500 23.3557
49600 23.3381
49700 23.3327
49800 23.312
49900 23.3032
50000 23.2983
50100 23.3081
50200 23.3177
50300 23.3246
50400 23.3328
50500 23.3374
50600 23.3424
50700 23.3479
50800 23.3453
50900 23.3514
51000 23.3401
51100 23.3469
51200 23.3457
51300 23.3374
51400 23.3247
51500 23.3262
51600 23.3207
51700 23.3168
51800 23.3231
51900 23.3295
52000 23.3214
52100 23.3247
52200 23.3253
52300 23.336
52400 23.3286
52500 23.305
52600 23.2841
52700 23.2694
52800 23.2731
52900 23.2828
53000 23.2889
53100 23.2979
53200 23.3001
53300 23.3044
53400 23.3188
53500 23.3207
53600 23.3276
53700 23.3293
53800 23.316
53900 23.2978
54000 23.2974
54100 23.3034
54200 23.3014
54300 23.3112
54400 23.321
54500 23.3271
54600 23.3225
54700 23.3181
54800 23.3042
54900 23.2899
55000 23.2968
55100 23.3077
55200 23.324
55300 23.3293
55400 23.3228
55500 23.3088
55600 23.3061
55700 23.2888
55800 23.2838
55900 23.2841
56000 23.2822
56100 23.2571
56200 23.2493
56300 23.2692
56400 23.2862
56500 23.2999
56600 23.3091
56700 23.319
56800 23.3351
56900 23.3373
57000 23.3268
57100 23.3267
57200 23.3295
57300 23.341
57400 23.342
57500 23.3455
57600 23.3509
57700 23.3587
57800 23.3541
57900 23.3522
58000 23.3603
58100 23.3721
58200 23.3809
58300 23.3727
58400 23.3632
58500 23.3667
58600 23.3726
58700 23.3694
58800 23.3716
58900 23.3726
59000 23.3813
59100 23.3891
59200 23.3974
59300 23.4008
59400 23.4021
59500 23.3988
59600 23.397
59700 23.3926
59800 23.3993
59900 23.4009
60000 23.4288
60100 23.4273
60200 23.4278
60300 23.4348
60400 23.452
60500 23.4697
60600 23.4602
60700 23.459
60800 23.4519
60900 23.4521
61000 23.446
61100 23.4495
61200 23.449
61300 23.4492
61400 23.4335
61500 23.422
61600 23.4221
61700 23.4305
61800 23.445
61900 23.4427
62000 23.457
62100 23.4739
62200 23.4907
62300 23.496
62400 23.4807
62500 23.4684
62600 23.465
62700 23.4579
62800 23.4539
62900 23.4493
63000 23.4542
63100 23.4598
63200 23.4656
63300 23.4717
63400 23.4727
63500 23.4581
63600 23.4599
63700 23.4493
63800 23.4484
63900 23.446
64000 23.457
64100 23.4583
64200 23.4567
64300 23.474
64400 23.4934
64500 23.5008
64600 23.5032
64700 23.4982
64800 23.5012
64900 23.5081
65000 23.5194
65100 23.5272
65200 23.5386
65300 23.5463
65400 23.5547
65500 23.555
65600 23.5498
65700 23.5621
65800 23.5699
65900 23.576
66000 23.5706
66100 23.5838
66200 23.5807
66300 23.572
66400 23.57
66500 23.5761
66600 23.5729
66700 23.5731
66800 23.5826
66900 23.5912
67000 23.5818
67100 23.5757
67200 23.5826
67300 23.5912
67400 23.585
67500 23.5834
67600 23.5721
67700 23.6006
67800 23.615
67900 23.6196
68000 23.6224
68100 23.6366
68200 23.6405
68300 23.6412
68400 23.6523
68500 23.659
68600 23.6572
68700 23.654
68800 23.6549
68900 23.6573
69000 23.6586
69100 23.6669
69200 23.6664
69300 23.6672
69400 23.674
69500 23.677
69600 23.6785
69700 23.6726
69800 23.6689
69900 23.6835
70000 23.6896
70100 23.6943
70200 23.7037
70300 23.6974
70400 23.6915
70500 23.694
70600 23.676
70700 23.6694
70800 23.6782
70900 23.6775
71000 23.6627
71100 23.6639
71200 23.6605
71300 23.6694
71400 23.6605
71500 23.6692
71600 23.668
71700 23.6818
71800 23.6947
71900 23.6907
72000 23.6873
72100 23.6942
72200 23.6996
72300 23.7104
72400 23.7182
72500 23.7117
72600 23.7355
72700 23.7345
72800 23.7269
72900 23.7207
73000 23.7084
73100 23.6964
73200 23.6995
73300 23.7107
73400 23.7235
73500 23.7197
73600 23.7234
73700 23.7328
73800 23.7321
73900 23.7252
74000 23.7301
74100 23.7223
74200 23.7221
74300 23.7252
74400 23.7312
74500 23.7282
74600 23.7331
74700 23.7553
74800 23.7734
74900 23.7841
75000 23.7782
75100 23.768
75200 23.7766
75300 23.8021
75400 23.7985
75500 23.7912
75600 23.7958
75700 23.7999
75800 23.8058
75900 23.8082
76000 23.8126
76100 23.8155
76200 23.8136
76300 23.8096
76400 23.7971
76500 23.7987
76600 23.807
76700 23.8125
76800 23.8035
76900 23.782
77000 23.7919
77100 23.8092
77200 23.8222
77300 23.8437
77400 23.861
77500 23.8845
77600 23.8962
77700 23.8857
77800 23.8889
77900 23.882
78000 23.8909
78100 23.8796
78200 23.8663
78300 23.8821
78400 23.8881
78500 23.9036
78600 23.9156
78700 23.9264
78800 23.9228
78900 23.93
79000 23.9216
79100 23.9217
79200 23.9149
79300 23.9223
79400 23.9312
79500 23.9327
79600 23.93
79700 23.9181
79800 23.9116
79900 23.921
80000 23.9363
80100 23.9592
80200 23.9664
80300 23.9657
80400 23.9858
80500 23.9917
80600 23.9928
80700 24.0042
80800 23.9951
80900 23.9991
81000 24.0018
81100 23.9892
81200 23.9943
81300 23.998
81400 23.9953
81500 23.9964
81600 23.9856
81700 23.9867
81800 23.9876
81900 23.9776
82000 23.9785
82100 23.9752
82200 23.9658
82300 23.9609
82400 23.9574
82500 23.9527
82600 23.9379
82700 23.9487
82800 23.9458
82900 23.9386
83000 23.9465
83100 23.9498
83200 23.9547
83300 23.9606
83400 23.9674
83500 23.9718
83600 23.9836
83700 23.9884
83800 23.9917
83900 23.9902
84000 23.9866
84100 24.0031
84200 24.0284
84300 24.0411
84400 24.0552
84500 24.0514
84600 24.0571
84700 24.065
84800 24.0535
84900 24.0644
85000 24.0697
85100 24.0824
85200 24.091
85300 24.0853
85400 24.0749
85500 24.0631
85600 24.0553
85700 24.0574
85800 24.0613
85900 24.0489
86000 24.0362
86100 24.034
86200 24.0242
86300 24.0253
86400 24.0291
86500 24.0388
86600 24.0429
86700 24.0436
86800 24.0487
86900 24.0498
87000 24.0627
87100 24.0681
87200 24.0783
87300 24.0686
87400 24.0689
87500 24.076
87600 24.0804
87700 24.0956
87800 24.1101
87900 24.1183
88000 24.1248
88100 24.1172
88200 24.124
88300 24.1382
88400 24.1302
88500 24.1249
88600 24.1542
88700 24.1624
88800 24.1735
88900 24.192
89000 24.2041
89100 24.2017
89200 24.208
89300 24.1937
89400 24.1825
89500 24.1595
89600 24.1395
89700 24.1419
89800 24.1516
89900 24.167
90000 24.1705
90100 24.1754
90200 24.1648
90300 24.1495
90400 24.1546
90500 24.1677
90600 24.1746
90700 24.1749
90800 24.167
90900 24.166
91000 24.1506
91100 24.1543
91200 24.1658
91300 24.184
91400 24.1701
91500 24.1553
91600 24.1651
91700 24.1871
91800 24.1903
91900 24.1988
92000 24.2096
92100 24.2248
92200 24.2214
92300 24.2248
92400 24.2339
92500 24.2529
92600 24.2559
92700 24.2569
92800 24.2504
92900 24.2503
93000 24.242
93100 24.2562
93200 24.2731
93300 24.2813
93400 24.2765
93500 24.2667
93600 24.2536
93700 24.2426
93800 24.2506
93900 24.2702
94000 24.2689
94100 24.2493
94200 24.2374
94300 24.2414
94400 24.2428
94500 24.2567
94600 24.2704
94700 24.268
94800 24.2548
94900 24.2493
95000 24.2376
95100 24.2478
95200 24.2491
95300 24.2563
95400 24.2572
95500 24.2498
95600 24.2498
95700 24.2549
95800 24.2688
95900 24.277
96000 24.2947
96100 24.2947
96200 24.2836
96300 24.2799
96400 24.2804
96500 24.2739
96600 24.2933
96700 24.3072
96800 24.3018
96900 24.2868
97000 24.2857
97100 24.2886
97200 24.2837
97300 24.295
97400 24.3126
97500 24.3273
97600 24.3319
97700 24.3228
97800 24.3171
97900 24.3299
98000 24.3339
98100 24.3259
98200 24.321
98300 24.3305
98400 24.3386
98500 24.3454
98600 24.3436
98700 24.3504
98800 24.3483
98900 24.3613
99000 24.3743
99100 24.3851
99200 24.3876
99300 24.3904
99400 24.3916
99500 24.3989
99600 24.4078
99700 24.4252
99800 24.4233
99900 24.4293
100000 24.428
